1 42
1 48
2 28
2 37
3 42
3 50
4 30
4 65
5 6
5 47
6 54
6 69
7 49
7 59
8 17
8 22
9 4
9 43
10 12
10 30
11 26
11 40
12 45
12 64
13 38
13 58
14 23
14 27
15 7
15 23
16 13
16 55
17 53
17 66
18 18
18 38
19 16
19 24
20 6
20 35
21 17
21 49
22 41
22 66
23 59
23 60
24 3
24 55
25 7
25 21
26 1
26 63
27 5
27 60
28 40
28 72
29 12
29 39
30 64
30 70
31 9
31 41
32 1
32 3
33 22
33 31
34 11
34 28
35 29
35 54
36 13
36 18
37 2
37 72
38 56
38 61
39 20
39 45
40 46
40 63
41 43
41 52
42 71
42 73
43 33
43 65
44 4
44 10
45 35
45 62
46 2
46 34
47 14
47 69
48 11
48 73
49 53
49 67
50 19
50 71
51 14
51 15
52 8
52 33
53 25
53 57
54 39
54 68
55 50
55 58
56 36
56 56
57 8
57 21
58 19
58 61
59 51
59 67
60 47
60 51
61 16
61 36
62 10
62 29
63 34
63 48
64 44
64 62
65 31
65 70
66 52
66 57
67 15
67 25
68 5
68 20
69 27
69 68
70 9
70 44
71 24
71 32
72 37
72 46
73 26
73 32
