34 9.1130000000000000e-01
1.0700689556931748e+00 1.2252798573828647e+00 1.4030037231905736e+00 1.6065060038537282e+00 1.8395257958039712e+00 2.1063445423241212e+00 2.4118646996409976e+00 2.7616998133438480e+00 3.1622776601683795e+00 3.6209583502459184e+00 4.1461695597968182e+00 4.7475613789974220e+00 5.4361836201538365e+00 6.2246888439954420e+00 7.1275648344389131e+00 8.1614007932518291e+00 9.3451921456053721e+00 1.0700689556931748e+01 1.2252798573828647e+01 1.4030037231905737e+01 1.6065060038537283e+01 1.8395257958039714e+01 2.1063445423241212e+01 2.4118646996409975e+01 2.7616998133438479e+01 3.1622776601683793e+01 3.6209583502459182e+01 4.1461695597968188e+01 4.7475613789974226e+01 5.4361836201538367e+01 6.2246888439954418e+01 7.1275648344389126e+01 8.1614007932518291e+01 9.3451921456053711e+01
1.0374035003088027e+00 1.0847700810650622e+00 1.1456442041090722e+00 1.2214912022776376e+00 1.3140217469981963e+00 1.4252265959945569e+00 1.5574162655317505e+00 1.7130065148999254e+00 1.8920863348723231e+00 2.0974592818188413e+00 2.3366007660863355e+00 2.6152420365920843e+00 2.9388384668026153e+00 3.3136489400688145e+00 3.7468518420856149e+00 4.2466780550202676e+00 4.8225633589095631e+00 5.4853230044446919e+00 6.2473516332280532e+00 7.1228521932622746e+00 8.1280980364618092e+00 9.2817330005630687e+00 1.0605114980850635e+01 1.2122709300354281e+01 1.3862539105347809e+01 1.5856701063051982e+01 1.8141955839839248e+01 2.0760404213183513e+01 2.3760261244501326e+01 2.7196742741937072e+01 3.1133080305266109e+01 3.5641683607414215e+01 4.0805471272085420e+01 4.6719394804396494e+01
1.0847700810650622e+00 1.1878763570740620e+00 1.2421133452653026e+00 1.3118171119289699e+00 1.3986655328689992e+00 1.5046174082463404e+00 1.6319522503549766e+00 1.7833157102294845e+00 1.9614739471746045e+00 2.1665288598589836e+00 2.4016906536911580e+00 2.6755190291230857e+00 2.9945765388002092e+00 3.3651098448534804e+00 3.7942856664543592e+00 4.2903235966989079e+00 4.8626483872111868e+00 5.5220644549927931e+00 6.2809557765659489e+00 7.1535148061777383e+00 8.1560045949245286e+00 9.3070589048707149e+00 1.0628025817110698e+01 1.2143361137739088e+01 1.3881078825438875e+01 1.5873266715752910e+01 1.8156677019485439e+01 2.0773402448335553e+01 2.3771650395242251e+01 2.7206629399114977e+01 3.1141564186891650e+01 3.5648857948238337e+01 4.0811423203178741e+01 4.6724205720287777e+01
1.1456442041090722e+00 1.2421133452653026e+00 1.3601749360547934e+00 1.4222788675839446e+00 1.5020929962177219e+00 1.6015385695680795e+00 1.7228585069993076e+00 1.8686629585242764e+00 2.0419813204310326e+00 2.2459809767095305e+00 2.4807786061826853e+00 2.7500500467525439e+00 3.0635965626210204e+00 3.4289325887473701e+00 3.8532108504248659e+00 4.3446375820252179e+00 4.9126246086489536e+00 5.5679637192404741e+00 6.3230264852320595e+00 7.1919931488466533e+00 8.1911147453313387e+00 9.3390132418237908e+00 1.0657025182294657e+01 1.2169595135123926e+01 1.3904726161651110e+01 1.5894495577190524e+01 1.8175645479855081e+01 2.0790258899316047e+01 2.3786533992816576e+01 2.7219670518494532e+01 3.1152884879668019e+01 3.5658572396277307e+01 4.0819638164705310e+01 4.6731020964522628e+01
1.2214912022776376e+00 1.3118171119289699e+00 1.4222788675839446e+00 1.5574650052204990e+00 1.6285769611015670e+00 1.7199679351404151e+00 1.8338378472463612e+00 1.9727549467870535e+00 2.1397079796919027e+00 2.3381657488189176e+00 2.5717550595088565e+00 2.8406095145643619e+00 3.1489381232426585e+00 3.5079637993004722e+00 3.9262909282273579e+00 4.4121097207388127e+00 4.9748167055605084e+00 5.6251888701524866e+00 6.3755833262208226e+00 7.2401661115703648e+00 8.2351742780996311e+00 9.3792160342272766e+00 1.0693614418171768e+01 1.2202800787757571e+01 1.3934765336606388e+01 1.5921572902055857e+01 1.8199953536056775e+01 2.0811978688767777e+01 2.3805835431049577e+01 2.7236712945728954e+01 3.1167817581722854e+01 3.5671535128030904e+01 4.0830761669825620e+01 4.6740427486255761e+01
1.3140217469981963e+00 1.3986655328689992e+00 1.5020929962177219e+00 1.6285769611015670e+00 1.7833715194916457e+00 1.8647980917668210e+00 1.9694451045042967e+00 2.0998315706502959e+00 2.2588982579022399e+00 2.4500674225237637e+00 2.6773110087980245e+00 2.9447818813670974e+00 3.2526330217954844e+00 3.6056839459050196e+00 4.0167854238204681e+00 4.4957898862374570e+00 5.0520755140330484e+00 5.6964017795904285e+00 6.4411088462119732e+00 7.3003461946281805e+00 8.2903346120031447e+00 9.4296662951562276e+00 1.0739648527918110e+01 1.2244697203384556e+01 1.3972787388462757e+01 1.5955969186341346e+01 1.8230958361094256e+01 2.0839812569451450e+01 2.3830705623180847e+01 2.7258814010673969e+01 3.1187331971613478e+01 3.5688633782231406e+01 4.0845604614319839e+01 4.6753164428762965e+01
1.4252265959945569e+00 1.5046174082463404e+00 1.6015385695680795e+00 1.7199679351404151e+00 1.8647980917668210e+00 2.0420452246910501e+00 2.1352825234031432e+00 2.2551083310394904e+00 2.4044070372528066e+00 2.5865459609487780e+00 2.8054437483457848e+00 3.0656484645931874e+00 3.3719153372576764e+00 3.7244195375079299e+00 4.1286796402240178e+00 4.5994103885091384e+00 5.1478932841893039e+00 5.7848667904882385e+00 6.5226510151121238e+00 7.3753760320629898e+00 8.3592436698671797e+00 9.4928275014494297e+00 1.0797416476597558e+01 1.2297408448883878e+01 1.4020760777365560e+01 1.5999506244423552e+01 1.8270343742830260e+01 2.0875314569016975e+01 2.3862576740619641e+01 2.7287291563737778e+01 3.1212638742321815e+01 3.5710978686954498e+01 4.0865183386761345e+01 4.6770160306286805e+01
1.5574162655317505e+00 1.6319522503549766e+00 1.7228585069993076e+00 1.8338378472463612e+00 1.9694451045042967e+00 2.1352825234031432e+00 2.3382389222365592e+00 2.4450000645544514e+00 2.5822063144043423e+00 2.7531604351488301e+00 2.9617181671180761e+00 3.2123665466418858e+00 3.5103133246674543e+00 3.8610034629645242e+00 4.2646375408541140e+00 4.7275345890921709e+00 5.2665436885112777e+00 5.8945826953625637e+00 6.6239476608652241e+00 7.4687456944096038e+00 8.4451564028947743e+00 9.5717316507033789e+00 1.0869739062377960e+01 1.2363555498139599e+01 1.4081117660932978e+01 1.6054438056808408e+01 1.8320195745389551e+01 2.0920412704664884e+01 2.3903228218950098e+01 2.7323785509312284e+01 3.1245246895255320e+01 3.5739956143257061e+01 4.0890769365615014e+01 4.6792578932093321e+01
1.7130065148999254e+00 1.7833157102294845e+00 1.8686629585242764e+00 1.9727549467870535e+00 2.0998315706502959e+00 2.2551083310394904e+00 2.4450000645544514e+00 2.6773947958420794e+00 2.7996413824170165e+00 2.9567490653879793e+00 3.1524996659173903e+00 3.3913081901006148e+00 3.6783125079833212e+00 4.0194757421324390e+00 4.4210326327908192e+00 4.8832128528225738e+00 5.4132519930391636e+00 6.0304430525036334e+00 6.7495775911251501e+00 7.5847351724720911e+00 8.5520691078707216e+00 9.6701058168833818e+00 1.0960088066739242e+01 1.2446368299239101e+01 1.4156859178941829e+01 1.6123549559666330e+01 1.8383095283673139e+01 2.0977495619051954e+01 2.3954867729582482e+01 2.7370333385788975e+01 3.1287034198952867e+01 3.5777294029533749e+01 4.0923949931537265e+01 4.6821876095004214e+01
1.8920863348723231e+00 1.9614739471746045e+00 2.0419813204310326e+00 2.1397079796919027e+00 2.2588982579022399e+00 2.4044070372528066e+00 2.5822063144043423e+00 2.7996413824170165e+00 3.0657444047443749e+00 3.2057225616352567e+00 3.3856183322397913e+00 3.6097620816899525e+00 3.8832092019865012e+00 4.2118427987398883e+00 4.6024909309546205e+00 5.0622926727949711e+00 5.5915110106158723e+00 6.1984310400930553e+00 6.9051441629204797e+00 7.7285874188277344e+00 8.6848825778645828e+00 9.7925259499116191e+00 1.1072731166668358e+01 1.2549822207129329e+01 1.4251683775600597e+01 1.6210277200805802e+01 1.8462231242075383e+01 2.1049518582513816e+01 2.4020230381986394e+01 2.7429463081951383e+01 3.1340333731798289e+01 3.5825142480086896e+01 4.0966703587485014e+01 4.6859869421382655e+01
2.0974592818188413e+00 2.1665288598589836e+00 2.2459809767095305e+00 2.3381657488189176e+00 2.4500674225237637e+00 2.5865459609487780e+00 2.7531604351488301e+00 2.9567490653879793e+00 3.2057225616352567e+00 3.5104231807044304e+00 3.6707048290967745e+00 3.8766940440696711e+00 4.1333492996944337e+00 4.4464592602966180e+00 4.8227603616591610e+00 5.2700710561525685e+00 5.7965659233002516e+00 6.4025460949888506e+00 7.0974983998885692e+00 7.9067185438256056e+00 8.8496002429842751e+00 9.9446036909831594e+00 1.1212908042503864e+01 1.2678803914973480e+01 1.4370143421430923e+01 1.6318855874780301e+01 1.8561538516808614e+01 2.1140133019377043e+01 2.4102700101278149e+01 2.7504306428251205e+01 3.1408040046700243e+01 3.5886172980650393e+01 4.1021492339516215e+01 4.6908824391231605e+01
2.3366007660863355e+00 2.4016906536911580e+00 2.4807786061826853e+00 2.5717550595088565e+00 2.6773110087980245e+00 2.8054437483457848e+00 2.9617181671180761e+00 3.1524996659173903e+00 3.3856183322397913e+00 3.6707048290967745e+00 4.0196015325206220e+00 4.2031316445179776e+00 4.4389990945561877e+00 4.7328815713212098e+00 5.0914073708322123e+00 5.5222900325124913e+00 6.0344820562495727e+00 6.6373437244620055e+00 7.3312198474848183e+00 8.1269732954332490e+00 9.0535688547934594e+00 1.0133213253154372e+01 1.1387044290359535e+01 1.2839313106010465e+01 1.4517833612564356e+01 1.6454497804374064e+01 1.8685866263590235e+01 2.1253844572987521e+01 2.4206457942009717e+01 2.7598738179919721e+01 3.1493739238506905e+01 3.5963699931998356e+01 4.1091375165878553e+01 4.6971560118604877e+01
2.6152420365920843e+00 2.6755190291230857e+00 2.7500500467525439e+00 2.8406095145643619e+00 2.9447818813670974e+00 3.0656484645931874e+00 3.2123665466418858e+00 3.3913081901006148e+00 3.6097620816899525e+00 3.8766940440696711e+00 4.2031316445179776e+00 4.6026349669329312e+00 4.8127856756860039e+00 5.0828651261797955e+00 5.4193745420470281e+00 5.8299036375372806e+00 6.3232847822228226e+00 6.9097690143447394e+00 7.6000743025403237e+00 8.3945954710457915e+00 9.3057710228891519e+00 1.0366767016450163e+01 1.1603011211190804e+01 1.3038707393455772e+01 1.4701624271714016e+01 1.6623610098835123e+01 1.8841182725453315e+01 2.1396205757315720e+01 2.4336663080145300e+01 2.7717545843311445e+01 3.1601868086279957e+01 3.6061829583322243e+01 4.1180147213124265e+01 4.7051579279111500e+01
2.9388384668026153e+00 2.9945765388002092e+00 3.0635965626210204e+00 3.1489381232426585e+00 3.2526330217954844e+00 3.3719153372576764e+00 3.5103133246674543e+00 3.6783125079833212e+00 3.8832092019865012e+00 4.1333492996944337e+00 4.4389990945561877e+00 4.8127856756860039e+00 5.2702359841995170e+00 5.5108685425780299e+00 5.8201223610562129e+00 6.2054416499563381e+00 6.6755169931364122e+00 7.2404618739119604e+00 7.9120142187102802e+00 8.7024466114741799e+00 9.6122111447358893e+00 1.0655550496161302e+01 1.1870441380302591e+01 1.3285999791340670e+01 1.4929940216012838e+01 1.6834059146471795e+01 1.9034824347272636e+01 2.1574050494543453e+01 2.4499673408313839e+01 2.7866636920327075e+01 3.1737908512536691e+01 3.6185642257705005e+01 4.1292510331911572e+01 4.7153227496088647e+01
3.3136489400688145e+00 3.3651098448534804e+00 3.4289325887473701e+00 3.5079637993004722e+00 3.6056839459050196e+00 3.7244195375079299e+00 3.8610034629645242e+00 4.0194757421324390e+00 4.2118427987398883e+00 4.4464592602966180e+00 4.7328815713212098e+00 5.0828651261797955e+00 5.5108685425780299e+00 6.0346709067089455e+00 6.3102066329282938e+00 6.6643169662708708e+00 7.1055258816763063e+00 7.6437845110725542e+00 8.2906732739536686e+00 9.0596326544513399e+00 9.9647153449861428e+00 1.1006439013013500e+01 1.2201112201984150e+01 1.3592220056610305e+01 1.5213101775275153e+01 1.7095491763669326e+01 1.9275798517864835e+01 2.1795779363046574e+01 2.4703314092502765e+01 2.8053291500471300e+01 3.1908624887972923e+01 3.6341415017203644e+01 4.1434281733841111e+01 4.7281888612206743e+01
3.7468518420856149e+00 3.7942856664543592e+00 3.8532108504248659e+00 3.9262909282273579e+00 4.0167854238204681e+00 4.1286796402240178e+00 4.2646375408541140e+00 4.4210326327908192e+00 4.6024909309546205e+00 4.8227603616591610e+00 5.0914073708322123e+00 5.4193745420470281e+00 5.8201223610562129e+00 6.3102066329282938e+00 6.9099852571043261e+00 7.2254867708429700e+00 7.6309599475269234e+00 8.1361651439470215e+00 8.7524968795355065e+00 9.4932152854929068e+00 1.0373710355513010e+01 1.1410073090903090e+01 1.2602896245525010e+01 1.3970853877426270e+01 1.5563738545888004e+01 1.7419725219002576e+01 1.9575151300889473e+01 2.2071706251501062e+01 2.4957204194567428e+01 2.8286469771042402e+01 3.2122353261384916e+01 3.6536893388045570e+01 4.1612648953567614e+01 4.7444223611472900e+01
4.2466780550202676e+00 4.2903235966989079e+00 4.3446375820252179e+00 4.4121097207388127e+00 4.4957898862374570e+00 4.5994103885091384e+00 4.7275345890921709e+00 4.8832128528225738e+00 5.0622926727949711e+00 5.2700710561525685e+00 5.5222900325124913e+00 5.8299036375372806e+00 6.2054416499563381e+00 6.6643169662708708e+00 7.2254867708429700e+00 7.9122618269566614e+00 8.2735260685749452e+00 8.7378121442120609e+00 9.3162961266930875e+00 1.0022025282804526e+01 1.0870183093554605e+01 1.1878391833823763e+01 1.3065076465556762e+01 1.4430915720122705e+01 1.5997292282309772e+01 1.7821221001123828e+01 1.9946414031011500e+01 2.2414479428257685e+01 2.5273153607672874e+01 2.8577186015442926e+01 3.2389353473464766e+01 3.6781622542647838e+01 4.1836480987075653e+01 4.7648462562977379e+01
4.8225633589095631e+00 4.8626483872111868e+00 4.9126246086489536e+00 4.9748167055605084e+00 5.0520755140330484e+00 5.1478932841893039e+00 5.2665436885112777e+00 5.4132519930391636e+00 5.5915110106158723e+00 5.7965659233002516e+00 6.0344820562495727e+00 6.3232847822228226e+00 6.6755169931364122e+00 7.1055258816763063e+00 7.6309599475269234e+00 8.2735260685749452e+00 9.0599161776721555e+00 9.4735809196427674e+00 1.0005210562307228e+01 1.0667602240695347e+01 1.1475695695935343e+01 1.2446876736058893e+01 1.3601323704094629e+01 1.4960134057943607e+01 1.6524084977310654e+01 1.8317660653451235e+01 2.0406145800669911e+01 2.2839592915192565e+01 2.5665645200758071e+01 2.8938963123142742e+01 3.2722237402657171e+01 3.7087350486662878e+01 4.2116707510846034e+01 4.7904760889020110e+01
5.4853230044446919e+00 5.5220644549927931e+00 5.5679637192404741e+00 5.6251888701524866e+00 5.6964017795904285e+00 5.7848667904882385e+00 5.8945826953625637e+00 6.0304430525036334e+00 6.1984310400930553e+00 6.4025460949888506e+00 6.6373437244620055e+00 6.9097690143447394e+00 7.2404618739119604e+00 7.6437845110725542e+00 8.1361651439470215e+00 8.7378121442120609e+00 9.4735809196427674e+00 1.0374035003088027e+01 1.0847700810650624e+01 1.1456442041090721e+01 1.2214912022776376e+01 1.3140217469981962e+01 1.4252265959945568e+01 1.5574162655317505e+01 1.7130065148999254e+01 1.8920863348723231e+01 2.0974592818188412e+01 2.3366007660863353e+01 2.6152420365920843e+01 2.9388384668026152e+01 3.3136489400688149e+01 3.7468518420856149e+01 4.2466780550202678e+01 4.8225633589095629e+01
6.2473516332280532e+00 6.2809557765659489e+00 6.3230264852320595e+00 6.3755833262208226e+00 6.4411088462119732e+00 6.5226510151121238e+00 6.6239476608652241e+00 6.7495775911251501e+00 6.9051441629204797e+00 7.0974983998885692e+00 7.3312198474848183e+00 7.6000743025403237e+00 7.9120142187102802e+00 8.2906732739536686e+00 8.7524968795355065e+00 9.3162961266930875e+00 1.0005210562307228e+01 1.0847700810650624e+01 1.1878763570740620e+01 1.2421133452653025e+01 1.3118171119289698e+01 1.3986655328689992e+01 1.5046174082463404e+01 1.6319522503549766e+01 1.7833157102294848e+01 1.9614739471746045e+01 2.1665288598589836e+01 2.4016906536911581e+01 2.6755190291230857e+01 2.9945765388002091e+01 3.3651098448534803e+01 3.7942856664543591e+01 4.2903235966989079e+01 4.8626483872111869e+01
7.1228521932622746e+00 7.1535148061777383e+00 7.1919931488466533e+00 7.2401661115703648e+00 7.3003461946281805e+00 7.3753760320629898e+00 7.4687456944096038e+00 7.5847351724720911e+00 7.7285874188277344e+00 7.9067185438256056e+00 8.1269732954332490e+00 8.3945954710457915e+00 8.7024466114741799e+00 9.0596326544513399e+00 9.4932152854929068e+00 1.0022025282804526e+01 1.0667602240695347e+01 1.1456442041090721e+01 1.2421133452653025e+01 1.3601749360547934e+01 1.4222788675839446e+01 1.5020929962177219e+01 1.6015385695680795e+01 1.7228585069993077e+01 1.8686629585242763e+01 2.0419813204310323e+01 2.2459809767095305e+01 2.4807786061826857e+01 2.7500500467525438e+01 3.0635965626210204e+01 3.4289325887473701e+01 3.8532108504248662e+01 4.3446375820252179e+01 4.9126246086489530e+01
8.1280980364618092e+00 8.1560045949245286e+00 8.1911147453313387e+00 8.2351742780996311e+00 8.2903346120031447e+00 8.3592436698671797e+00 8.4451564028947743e+00 8.5520691078707216e+00 8.6848825778645828e+00 8.8496002429842751e+00 9.0535688547934594e+00 9.3057710228891519e+00 9.6122111447358893e+00 9.9647153449861428e+00 1.0373710355513010e+01 1.0870183093554605e+01 1.1475695695935343e+01 1.2214912022776376e+01 1.3118171119289698e+01 1.4222788675839446e+01 1.5574650052204991e+01 1.6285769611015670e+01 1.7199679351404150e+01 1.8338378472463610e+01 1.9727549467870535e+01 2.1397079796919027e+01 2.3381657488189177e+01 2.5717550595088564e+01 2.8406095145643619e+01 3.1489381232426584e+01 3.5079637993004724e+01 3.9262909282273583e+01 4.4121097207388132e+01 4.9748167055605080e+01
9.2817330005630687e+00 9.3070589048707149e+00 9.3390132418237908e+00 9.3792160342272766e+00 9.4296662951562276e+00 9.4928275014494297e+00 9.5717316507033789e+00 9.6701058168833818e+00 9.7925259499116191e+00 9.9446036909831594e+00 1.0133213253154372e+01 1.0366767016450163e+01 1.0655550496161302e+01 1.1006439013013500e+01 1.1410073090903090e+01 1.1878391833823763e+01 1.2446876736058893e+01 1.3140217469981962e+01 1.3986655328689992e+01 1.5020929962177219e+01 1.6285769611015670e+01 1.7833715194916458e+01 1.8647980917668210e+01 1.9694451045042968e+01 2.0998315706502957e+01 2.2588982579022399e+01 2.4500674225237635e+01 2.6773110087980243e+01 2.9447818813670974e+01 3.2526330217954843e+01 3.6056839459050195e+01 4.0167854238204683e+01 4.4957898862374570e+01 5.0520755140330486e+01
1.0605114980850635e+01 1.0628025817110698e+01 1.0657025182294657e+01 1.0693614418171768e+01 1.0739648527918110e+01 1.0797416476597558e+01 1.0869739062377960e+01 1.0960088066739242e+01 1.1072731166668358e+01 1.1212908042503864e+01 1.1387044290359535e+01 1.1603011211190804e+01 1.1870441380302591e+01 1.2201112201984150e+01 1.2602896245525010e+01 1.3065076465556762e+01 1.3601323704094629e+01 1.4252265959945568e+01 1.5046174082463404e+01 1.6015385695680795e+01 1.7199679351404150e+01 1.8647980917668210e+01 2.0420452246910500e+01 2.1352825234031432e+01 2.2551083310394901e+01 2.4044070372528065e+01 2.5865459609487779e+01 2.8054437483457850e+01 3.0656484645931876e+01 3.3719153372576763e+01 3.7244195375079300e+01 4.1286796402240178e+01 4.5994103885091384e+01 5.1478932841893041e+01
1.2122709300354281e+01 1.2143361137739088e+01 1.2169595135123926e+01 1.2202800787757571e+01 1.2244697203384556e+01 1.2297408448883878e+01 1.2363555498139599e+01 1.2446368299239101e+01 1.2549822207129329e+01 1.2678803914973480e+01 1.2839313106010465e+01 1.3038707393455772e+01 1.3285999791340670e+01 1.3592220056610305e+01 1.3970853877426270e+01 1.4430915720122705e+01 1.4960134057943607e+01 1.5574162655317505e+01 1.6319522503549766e+01 1.7228585069993077e+01 1.8338378472463610e+01 1.9694451045042968e+01 2.1352825234031432e+01 2.3382389222365592e+01 2.4450000645544513e+01 2.5822063144043426e+01 2.7531604351488298e+01 2.9617181671180759e+01 3.2123665466418856e+01 3.5103133246674538e+01 3.8610034629645241e+01 4.2646375408541147e+01 4.7275345890921713e+01 5.2665436885112776e+01
1.3862539105347809e+01 1.3881078825438875e+01 1.3904726161651110e+01 1.3934765336606388e+01 1.3972787388462757e+01 1.4020760777365560e+01 1.4081117660932978e+01 1.4156859178941829e+01 1.4251683775600597e+01 1.4370143421430923e+01 1.4517833612564356e+01 1.4701624271714016e+01 1.4929940216012838e+01 1.5213101775275153e+01 1.5563738545888004e+01 1.5997292282309772e+01 1.6524084977310654e+01 1.7130065148999254e+01 1.7833157102294848e+01 1.8686629585242763e+01 1.9727549467870535e+01 2.0998315706502957e+01 2.2551083310394901e+01 2.4450000645544513e+01 2.6773947958420791e+01 2.7996413824170165e+01 2.9567490653879791e+01 3.1524996659173901e+01 3.3913081901006144e+01 3.6783125079833212e+01 4.0194757421324390e+01 4.4210326327908192e+01 4.8832128528225738e+01 5.4132519930391638e+01
1.5856701063051982e+01 1.5873266715752910e+01 1.5894495577190524e+01 1.5921572902055857e+01 1.5955969186341346e+01 1.5999506244423552e+01 1.6054438056808408e+01 1.6123549559666330e+01 1.6210277200805802e+01 1.6318855874780301e+01 1.6454497804374064e+01 1.6623610098835123e+01 1.6834059146471795e+01 1.7095491763669326e+01 1.7419725219002576e+01 1.7821221001123828e+01 1.8317660653451235e+01 1.8920863348723231e+01 1.9614739471746045e+01 2.0419813204310323e+01 2.1397079796919027e+01 2.2588982579022399e+01 2.4044070372528065e+01 2.5822063144043426e+01 2.7996413824170165e+01 3.0657444047443750e+01 3.2057225616352568e+01 3.3856183322397911e+01 3.6097620816899529e+01 3.8832092019865016e+01 4.2118427987398888e+01 4.6024909309546210e+01 5.0622926727949711e+01 5.5915110106158721e+01
1.8141955839839248e+01 1.8156677019485439e+01 1.8175645479855081e+01 1.8199953536056775e+01 1.8230958361094256e+01 1.8270343742830260e+01 1.8320195745389551e+01 1.8383095283673139e+01 1.8462231242075383e+01 1.8561538516808614e+01 1.8685866263590235e+01 1.8841182725453315e+01 1.9034824347272636e+01 1.9275798517864835e+01 1.9575151300889473e+01 1.9946414031011500e+01 2.0406145800669911e+01 2.0974592818188412e+01 2.1665288598589836e+01 2.2459809767095305e+01 2.3381657488189177e+01 2.4500674225237635e+01 2.5865459609487779e+01 2.7531604351488298e+01 2.9567490653879791e+01 3.2057225616352568e+01 3.5104231807044307e+01 3.6707048290967741e+01 3.8766940440696715e+01 4.1333492996944337e+01 4.4464592602966178e+01 4.8227603616591608e+01 5.2700710561525689e+01 5.7965659233002512e+01
2.0760404213183513e+01 2.0773402448335553e+01 2.0790258899316047e+01 2.0811978688767777e+01 2.0839812569451450e+01 2.0875314569016975e+01 2.0920412704664884e+01 2.0977495619051954e+01 2.1049518582513816e+01 2.1140133019377043e+01 2.1253844572987521e+01 2.1396205757315720e+01 2.1574050494543453e+01 2.1795779363046574e+01 2.2071706251501062e+01 2.2414479428257685e+01 2.2839592915192565e+01 2.3366007660863353e+01 2.4016906536911581e+01 2.4807786061826857e+01 2.5717550595088564e+01 2.6773110087980243e+01 2.8054437483457850e+01 2.9617181671180759e+01 3.1524996659173901e+01 3.3856183322397911e+01 3.6707048290967741e+01 4.0196015325206218e+01 4.2031316445179776e+01 4.4389990945561870e+01 4.7328815713212101e+01 5.0914073708322121e+01 5.5222900325124911e+01 6.0344820562495727e+01
2.3760261244501326e+01 2.3771650395242251e+01 2.3786533992816576e+01 2.3805835431049577e+01 2.3830705623180847e+01 2.3862576740619641e+01 2.3903228218950098e+01 2.3954867729582482e+01 2.4020230381986394e+01 2.4102700101278149e+01 2.4206457942009717e+01 2.4336663080145300e+01 2.4499673408313839e+01 2.4703314092502765e+01 2.4957204194567428e+01 2.5273153607672874e+01 2.5665645200758071e+01 2.6152420365920843e+01 2.6755190291230857e+01 2.7500500467525438e+01 2.8406095145643619e+01 2.9447818813670974e+01 3.0656484645931876e+01 3.2123665466418856e+01 3.3913081901006144e+01 3.6097620816899529e+01 3.8766940440696715e+01 4.2031316445179776e+01 4.6026349669329313e+01 4.8127856756860041e+01 5.0828651261797951e+01 5.4193745420470279e+01 5.8299036375372808e+01 6.3232847822228230e+01
2.7196742741937072e+01 2.7206629399114977e+01 2.7219670518494532e+01 2.7236712945728954e+01 2.7258814010673969e+01 2.7287291563737778e+01 2.7323785509312284e+01 2.7370333385788975e+01 2.7429463081951383e+01 2.7504306428251205e+01 2.7598738179919721e+01 2.7717545843311445e+01 2.7866636920327075e+01 2.8053291500471300e+01 2.8286469771042402e+01 2.8577186015442926e+01 2.8938963123142742e+01 2.9388384668026152e+01 2.9945765388002091e+01 3.0635965626210204e+01 3.1489381232426584e+01 3.2526330217954843e+01 3.3719153372576763e+01 3.5103133246674538e+01 3.6783125079833212e+01 3.8832092019865016e+01 4.1333492996944337e+01 4.4389990945561870e+01 4.8127856756860041e+01 5.2702359841995168e+01 5.5108685425780301e+01 5.8201223610562124e+01 6.2054416499563381e+01 6.6755169931364122e+01
3.1133080305266109e+01 3.1141564186891650e+01 3.1152884879668019e+01 3.1167817581722854e+01 3.1187331971613478e+01 3.1212638742321815e+01 3.1245246895255320e+01 3.1287034198952867e+01 3.1340333731798289e+01 3.1408040046700243e+01 3.1493739238506905e+01 3.1601868086279957e+01 3.1737908512536691e+01 3.1908624887972923e+01 3.2122353261384916e+01 3.2389353473464766e+01 3.2722237402657171e+01 3.3136489400688149e+01 3.3651098448534803e+01 3.4289325887473701e+01 3.5079637993004724e+01 3.6056839459050195e+01 3.7244195375079300e+01 3.8610034629645241e+01 4.0194757421324390e+01 4.2118427987398888e+01 4.4464592602966178e+01 4.7328815713212101e+01 5.0828651261797951e+01 5.5108685425780301e+01 6.0346709067089456e+01 6.3102066329282941e+01 6.6643169662708715e+01 7.1055258816763057e+01
3.5641683607414215e+01 3.5648857948238337e+01 3.5658572396277307e+01 3.5671535128030904e+01 3.5688633782231406e+01 3.5710978686954498e+01 3.5739956143257061e+01 3.5777294029533749e+01 3.5825142480086896e+01 3.5886172980650393e+01 3.5963699931998356e+01 3.6061829583322243e+01 3.6185642257705005e+01 3.6341415017203644e+01 3.6536893388045570e+01 3.6781622542647838e+01 3.7087350486662878e+01 3.7468518420856149e+01 3.7942856664543591e+01 3.8532108504248662e+01 3.9262909282273583e+01 4.0167854238204683e+01 4.1286796402240178e+01 4.2646375408541147e+01 4.4210326327908192e+01 4.6024909309546210e+01 4.8227603616591608e+01 5.0914073708322121e+01 5.4193745420470279e+01 5.8201223610562124e+01 6.3102066329282941e+01 6.9099852571043257e+01 7.2254867708429700e+01 7.6309599475269223e+01
4.0805471272085420e+01 4.0811423203178741e+01 4.0819638164705310e+01 4.0830761669825620e+01 4.0845604614319839e+01 4.0865183386761345e+01 4.0890769365615014e+01 4.0923949931537265e+01 4.0966703587485014e+01 4.1021492339516215e+01 4.1091375165878553e+01 4.1180147213124265e+01 4.1292510331911572e+01 4.1434281733841111e+01 4.1612648953567614e+01 4.1836480987075653e+01 4.2116707510846034e+01 4.2466780550202678e+01 4.2903235966989079e+01 4.3446375820252179e+01 4.4121097207388132e+01 4.4957898862374570e+01 4.5994103885091384e+01 4.7275345890921713e+01 4.8832128528225738e+01 5.0622926727949711e+01 5.2700710561525689e+01 5.5222900325124911e+01 5.8299036375372808e+01 6.2054416499563381e+01 6.6643169662708715e+01 7.2254867708429700e+01 7.9122618269566615e+01 8.2735260685749452e+01
4.6719394804396494e+01 4.6724205720287777e+01 4.6731020964522628e+01 4.6740427486255761e+01 4.6753164428762965e+01 4.6770160306286805e+01 4.6792578932093321e+01 4.6821876095004214e+01 4.6859869421382655e+01 4.6908824391231605e+01 4.6971560118604877e+01 4.7051579279111500e+01 4.7153227496088647e+01 4.7281888612206743e+01 4.7444223611472900e+01 4.7648462562977379e+01 4.7904760889020110e+01 4.8225633589095629e+01 4.8626483872111869e+01 4.9126246086489530e+01 4.9748167055605080e+01 5.0520755140330486e+01 5.1478932841893041e+01 5.2665436885112776e+01 5.4132519930391638e+01 5.5915110106158721e+01 5.7965659233002512e+01 6.0344820562495727e+01 6.3232847822228230e+01 6.6755169931364122e+01 7.1055258816763057e+01 7.6309599475269223e+01 8.2735260685749452e+01 9.0599161776721544e+01
