28 9.0969999999999995e-01
1.0857111194022042e+00 1.2798022139979537e+00 1.5085907086001784e+00 1.7782794100389228e+00 2.0961799924531270e+00 2.4709112279856047e+00 2.9126326549087374e+00 3.4333200182819943e+00 4.0470899507597604e+00 4.7705826961439293e+00 5.6234132519034912e+00 6.6287031618264454e+00 7.8137073765180949e+00 9.2105531768948179e+00 1.0857111194022043e+01 1.2798022139979537e+01 1.5085907086001784e+01 1.7782794100389228e+01 2.0961799924531270e+01 2.4709112279856047e+01 2.9126326549087374e+01 3.4333200182819944e+01 4.0470899507597608e+01 4.7705826961439293e+01 5.6234132519034908e+01 6.6287031618264450e+01 7.8137073765180943e+01 9.2105531768948168e+01
1.0463718715199597e+00 1.1076891687380068e+00 1.1896427355121404e+00 1.2950282943845814e+00 1.4272153365143256e+00 1.5902476735291056e+00 1.7874744920804544e+00 2.0202497192527900e+00 2.2965464914733094e+00 2.6295762786769910e+00 3.0293396924466558e+00 3.5072806839819659e+00 4.0769123563455958e+00 4.7541863042927055e+00 5.5579283734488785e+00 6.5103524793820622e+00 7.6376662734686036e+00 8.9707849689960284e+00 1.0546172608847497e+01 1.2406833541659912e+01 1.4603480969368423e+01 1.7195914246591911e+01 2.0254642282892995e+01 2.3862797077555758e+01 2.8118389285491176e+01 3.3136966986631052e+01 3.9054749761984120e+01 4.6032323064375433e+01
1.1076891687380068e+00 1.2334303424779940e+00 1.3057092492089439e+00 1.4023135432317544e+00 1.5265387345907810e+00 1.6823566737794620e+00 1.8745340791095819e+00 2.1070188667580378e+00 2.3814070035057391e+00 2.7070969724939955e+00 3.0996620401016783e+00 3.5708906135913701e+00 4.1342724636953410e+00 4.8057364124626050e+00 5.6040856994654824e+00 6.5515116410508778e+00 7.6741993041462404e+00 9.0030414461856125e+00 1.0574479950930282e+01 1.2431497488428690e+01 1.4624786236013742e+01 1.7214125325496550e+01 2.0270004360482744e+01 2.3875537032038242e+01 2.8128716733466803e+01 3.3145075350653066e+01 3.9060817336031256e+01 4.6036514059139201e+01
1.1896427355121404e+00 1.3057092492089439e+00 1.4539290009157717e+00 1.5391291091273867e+00 1.6530032209078533e+00 1.7994359801331052e+00 1.9831092795868970e+00 2.2096419773060565e+00 2.4836877530527040e+00 2.8071278824103478e+00 3.1910410025206004e+00 3.6537843913321608e+00 4.2092538535803348e+00 4.8733507078948781e+00 5.6648513500963773e+00 6.6059204492251924e+00 7.7227164329558384e+00 9.0461054368823621e+00 1.0612502874510298e+01 1.2464865295410249e+01 1.4653859322874997e+01 1.7239239305573964e+01 2.0291471009101283e+01 2.3893645367266306e+01 2.8143734192219458e+01 3.3157249022404201e+01 3.9070375221219898e+01 4.6043666325115254e+01
1.2950282943845814e+00 1.4023135432317544e+00 1.5391291091273867e+00 1.7138459034962887e+00 1.8142771187371598e+00 1.9485083500189531e+00 2.1211186936999611e+00 2.3376270181451408e+00 2.6046566569716632e+00 2.9276932219194882e+00 3.3089543016398593e+00 3.7614990461115685e+00 4.3069664388007300e+00 4.9617364184845378e+00 5.7445529608156081e+00 6.6775490922617164e+00 7.7868518294882216e+00 9.1032959065733561e+00 1.0663265356032669e+01 1.2509685525129525e+01 1.4693192247156706e+01 1.7273509748482642e+01 2.0321074581111372e+01 2.3918949579351978e+01 2.8165079729814629e+01 3.3174951131756131e+01 3.9084725163650404e+01 4.6054932860390579e+01
1.4272153365143256e+00 1.5265387345907810e+00 1.6530032209078533e+00 1.8142771187371598e+00 2.0202277959109023e+00 2.1386129623910453e+00 2.2968405276357466e+00 2.5003081868078607e+00 2.7555214088355520e+00 3.0702875716445162e+00 3.4510729422964741e+00 3.9004915447383852e+00 4.4339370953623147e+00 5.0769169491669350e+00 5.8487392642226421e+00 6.7714988511200742e+00 7.8712854272525021e+00 9.1788967003857778e+00 1.0730679687913527e+01 1.2569522746172385e+01 1.4746024928154030e+01 1.7319874165940632e+01 2.0361471504312604e+01 2.3953845341515322e+01 2.8194907541349380e+01 3.3200112581966124e+01 3.9105591854924150e+01 4.6071848122438759e+01
1.5902476735291056e+00 1.6823566737794620e+00 1.7994359801331052e+00 1.9485083500189531e+00 2.1386129623910453e+00 2.3813811609579525e+00 2.5209298820295616e+00 2.7074435730997717e+00 2.9472848679267316e+00 3.2481222092375863e+00 3.6191586892511247e+00 4.0680165407639031e+00 4.5977770932151971e+00 5.2265859766608793e+00 5.9845104611299318e+00 6.8943103977513740e+00 7.9820304562411541e+00 9.2784243771530903e+00 1.0819795532425108e+01 1.2648988646129107e+01 1.4816559167512565e+01 1.7382151673192332e+01 2.0416124425382559e+01 2.4001463967527101e+01 2.8236041571274747e+01 3.3235272670647824e+01 3.9135251383237616e+01 4.6096445123624171e+01
1.7874744920804544e+00 1.8745340791095819e+00 1.9831092795868970e+00 2.1211186936999611e+00 2.2968405276357466e+00 2.5209298820295616e+00 2.8070974200255736e+00 2.9715930754503455e+00 3.1914495644434902e+00 3.4741669601137919e+00 3.8287845822257203e+00 4.2661507472298972e+00 4.7952503040739982e+00 5.4197154272545056e+00 6.1609356163398532e+00 7.0543532261740713e+00 8.1267968554006220e+00 9.4089671437842206e+00 1.0937115636092289e+01 1.2754035608502500e+01 1.4910231077917192e+01 1.7465295222227198e+01 2.0489535197583997e+01 2.4065887116684213e+01 2.8292172914049399e+01 3.3283760174946515e+01 3.9176696992972161e+01 4.6131406845322850e+01
2.0202497192527900e+00 2.1070188667580378e+00 2.2096419773060565e+00 2.3376270181451408e+00 2.5003081868078607e+00 2.7074435730997717e+00 2.9715930754503455e+00 3.3089183935361466e+00 3.5028207127106814e+00 3.7619806460916414e+00 4.0952390446183218e+00 4.5132511749089481e+00 5.0288046921358287e+00 5.6524906544268410e+00 6.3885905551545372e+00 7.2623176655241171e+00 8.3154503217689495e+00 9.5796132344854090e+00 1.1090995354896243e+01 1.2892328866936104e+01 1.5034057142343292e+01 1.7575712732173368e+01 2.0587542205371715e+01 2.4152421432411241e+01 2.8368112901630429e+01 3.3349926041238120e+01 3.9233852542218870e+01 4.6180261630127831e+01
2.2965464914733094e+00 2.3814070035057391e+00 2.4836877530527040e+00 2.6046566569716632e+00 2.7555214088355520e+00 2.9472848679267316e+00 3.1914495644434902e+00 3.5028207127106814e+00 3.9004492173919934e+00 4.1290151894486709e+00 4.4345047903133423e+00 4.8273393377781337e+00 5.3200789259279748e+00 5.9277972415925371e+00 6.6629786919022385e+00 7.5306701669547200e+00 8.5605922800272154e+00 9.8019920234854805e+00 1.1292147614264946e+01 1.3073717452993064e+01 1.5197072897788228e+01 1.7721675013088781e+01 2.0717698902828271e+01 2.4267949019181376e+01 2.8470116838842777e+01 3.3439441716725256e+01 3.9311846790097363e+01 4.6247634798884256e+01
2.6295762786769910e+00 2.7070969724939955e+00 2.8071278824103478e+00 2.9276932219194882e+00 3.0702875716445162e+00 3.2481222092375863e+00 3.4741669601137919e+00 3.7619806460916414e+00 4.1290151894486709e+00 4.5977271990668767e+00 4.8671535979083949e+00 5.2272551576632811e+00 5.6903162008781107e+00 6.2711421725102525e+00 6.9875014618052269e+00 7.8541102963123643e+00 8.8769177917820112e+00 1.0090957674952204e+01 1.1554280755781612e+01 1.3310829427154756e+01 1.5410888073741731e+01 1.7913832872584457e+01 2.0889754661434292e+01 2.4421373651751480e+01 2.8606297134580807e+01 3.3559680758536622e+01 3.9417365060683956e+01 4.6339571971977733e+01
3.0293396924466558e+00 3.0996620401016783e+00 3.1910410025206004e+00 3.3089543016398593e+00 3.4510729422964741e+00 3.6191586892511247e+00 3.8287845822257203e+00 4.0952390446183218e+00 4.4345047903133423e+00 4.8671535979083949e+00 5.4196566135974056e+00 5.7372480019371750e+00 6.1617244259164838e+00 6.7075662596529231e+00 7.3922256972864018e+00 8.2366475587503434e+00 9.2581788715023823e+00 1.0463832266593789e+01 1.1894904402263281e+01 1.3619823752514510e+01 1.5690388231817519e+01 1.8165871495641316e+01 2.1116264319136867e+01 2.4624187583431876e+01 2.8787149279259179e+01 3.3720205819829530e+01 3.9559099071848834e+01 4.6463953599742879e+01
3.5072806839819659e+00 3.5708906135913701e+00 3.6537843913321608e+00 3.7614990461115685e+00 3.9004915447383852e+00 4.0680165407639031e+00 4.2661507472298972e+00 4.5132511749089481e+00 4.8273393377781337e+00 5.2272551576632811e+00 5.7372480019371750e+00 6.3885212274602505e+00 6.7628879947157206e+00 7.2632474895118744e+00 7.9066687226786048e+00 8.7137237932763654e+00 9.7091017981040757e+00 1.0913250869035698e+01 1.2334437275601848e+01 1.4021340223256120e+01 1.6054621050880801e+01 1.8495337515400905e+01 2.1413359542752858e+01 2.4891190063409503e+01 2.9026219980623196e+01 3.3933388655511543e+01 3.9748320979199228e+01 4.6631025206587523e+01
4.0769123563455958e+00 4.1342724636953410e+00 4.2092538535803348e+00 4.3069664388007300e+00 4.4339370953623147e+00 4.5977770932151971e+00 4.7952503040739982e+00 5.0288046921358287e+00 5.3200789259279748e+00 5.6903162008781107e+00 6.1617244259164838e+00 6.7628879947157206e+00 7.5305884456431720e+00 7.9718802487929912e+00 8.5616883273798621e+00 9.3201330959970150e+00 1.0271464299768780e+01 1.1444784671623106e+01 1.2864197828053141e+01 1.4539447788308324e+01 1.6527916072944031e+01 1.8924683738275149e+01 2.1801723753075745e+01 2.5241396594555020e+01 2.9340954129432927e+01 3.4215197699777555e+01 3.9999614219377548e+01 4.6854074055987986e+01
4.7541863042927055e+00 4.8057364124626050e+00 4.8733507078948781e+00 4.9617364184845378e+00 5.0769169491669350e+00 5.2265859766608793e+00 5.4197154272545056e+00 5.6524906544268410e+00 5.9277972415925371e+00 6.2711421725102525e+00 6.7075662596529231e+00 7.2632474895118744e+00 7.9718802487929912e+00 8.8768214612631642e+00 9.3970023976076771e+00 1.0092249661193753e+01 1.0986280565662932e+01 1.2107679949969517e+01 1.3490753202875743e+01 1.5163912911488833e+01 1.7138645020076847e+01 1.9482589065287222e+01 2.2307823614067001e+01 2.5699188144560019e+01 2.9753766604047126e+01 3.4586196442692916e+01 4.0331801881759475e+01 4.7150290645645832e+01
5.5579283734488785e+00 5.6040856994654824e+00 5.6648513500963773e+00 5.7445529608156081e+00 5.8487392642226421e+00 5.9845104611299318e+00 6.1609356163398532e+00 6.3885905551545372e+00 6.6629786919022385e+00 6.9875014618052269e+00 7.3922256972864018e+00 7.9066687226786048e+00 8.5616883273798621e+00 9.3970023976076771e+00 1.0463718715199597e+01 1.1076891687380069e+01 1.1896427355121403e+01 1.2950282943845815e+01 1.4272153365143257e+01 1.5902476735291055e+01 1.7874744920804542e+01 2.0202497192527897e+01 2.2965464914733094e+01 2.6295762786769910e+01 3.0293396924466560e+01 3.5072806839819663e+01 4.0769123563455956e+01 4.7541863042927055e+01
6.5103524793820622e+00 6.5515116410508778e+00 6.6059204492251924e+00 6.6775490922617164e+00 6.7714988511200742e+00 6.8943103977513740e+00 7.0543532261740713e+00 7.2623176655241171e+00 7.5306701669547200e+00 7.8541102963123643e+00 8.2366475587503434e+00 8.7137237932763654e+00 9.3201330959970150e+00 1.0092249661193753e+01 1.1076891687380069e+01 1.2334303424779939e+01 1.3057092492089438e+01 1.4023135432317545e+01 1.5265387345907811e+01 1.6823566737794621e+01 1.8745340791095821e+01 2.1070188667580378e+01 2.3814070035057391e+01 2.7070969724939957e+01 3.0996620401016781e+01 3.5708906135913701e+01 4.1342724636953413e+01 4.8057364124626055e+01
7.6376662734686036e+00 7.6741993041462404e+00 7.7227164329558384e+00 7.7868518294882216e+00 7.8712854272525021e+00 7.9820304562411541e+00 8.1267968554006220e+00 8.3154503217689495e+00 8.5605922800272154e+00 8.8769177917820112e+00 9.2581788715023823e+00 9.7091017981040757e+00 1.0271464299768780e+01 1.0986280565662932e+01 1.1896427355121403e+01 1.3057092492089438e+01 1.4539290009157718e+01 1.5391291091273867e+01 1.6530032209078534e+01 1.7994359801331054e+01 1.9831092795868969e+01 2.2096419773060564e+01 2.4836877530527040e+01 2.8071278824103477e+01 3.1910410025206005e+01 3.6537843913321609e+01 4.2092538535803349e+01 4.8733507078948783e+01
8.9707849689960284e+00 9.0030414461856125e+00 9.0461054368823621e+00 9.1032959065733561e+00 9.1788967003857778e+00 9.2784243771530903e+00 9.4089671437842206e+00 9.5796132344854090e+00 9.8019920234854805e+00 1.0090957674952204e+01 1.0463832266593789e+01 1.0913250869035698e+01 1.1444784671623106e+01 1.2107679949969517e+01 1.2950282943845815e+01 1.4023135432317545e+01 1.5391291091273867e+01 1.7138459034962885e+01 1.8142771187371601e+01 1.9485083500189528e+01 2.1211186936999614e+01 2.3376270181451410e+01 2.6046566569716628e+01 2.9276932219194883e+01 3.3089543016398594e+01 3.7614990461115681e+01 4.3069664388007297e+01 4.9617364184845378e+01
1.0546172608847497e+01 1.0574479950930282e+01 1.0612502874510298e+01 1.0663265356032669e+01 1.0730679687913527e+01 1.0819795532425108e+01 1.0937115636092289e+01 1.1090995354896243e+01 1.1292147614264946e+01 1.1554280755781612e+01 1.1894904402263281e+01 1.2334437275601848e+01 1.2864197828053141e+01 1.3490753202875743e+01 1.4272153365143257e+01 1.5265387345907811e+01 1.6530032209078534e+01 1.8142771187371601e+01 2.0202277959109026e+01 2.1386129623910453e+01 2.2968405276357466e+01 2.5003081868078606e+01 2.7555214088355523e+01 3.0702875716445163e+01 3.4510729422964744e+01 3.9004915447383851e+01 4.4339370953623146e+01 5.0769169491669345e+01
1.2406833541659912e+01 1.2431497488428690e+01 1.2464865295410249e+01 1.2509685525129525e+01 1.2569522746172385e+01 1.2648988646129107e+01 1.2754035608502500e+01 1.2892328866936104e+01 1.3073717452993064e+01 1.3310829427154756e+01 1.3619823752514510e+01 1.4021340223256120e+01 1.4539447788308324e+01 1.5163912911488833e+01 1.5902476735291055e+01 1.6823566737794621e+01 1.7994359801331054e+01 1.9485083500189528e+01 2.1386129623910453e+01 2.3813811609579524e+01 2.5209298820295619e+01 2.7074435730997717e+01 2.9472848679267315e+01 3.2481222092375859e+01 3.6191586892511246e+01 4.0680165407639038e+01 4.5977770932151969e+01 5.2265859766608791e+01
1.4603480969368423e+01 1.4624786236013742e+01 1.4653859322874997e+01 1.4693192247156706e+01 1.4746024928154030e+01 1.4816559167512565e+01 1.4910231077917192e+01 1.5034057142343292e+01 1.5197072897788228e+01 1.5410888073741731e+01 1.5690388231817519e+01 1.6054621050880801e+01 1.6527916072944031e+01 1.7138645020076847e+01 1.7874744920804542e+01 1.8745340791095821e+01 1.9831092795868969e+01 2.1211186936999614e+01 2.2968405276357466e+01 2.5209298820295619e+01 2.8070974200255733e+01 2.9715930754503457e+01 3.1914495644434901e+01 3.4741669601137914e+01 3.8287845822257204e+01 4.2661507472298972e+01 4.7952503040739984e+01 5.4197154272545056e+01
1.7195914246591911e+01 1.7214125325496550e+01 1.7239239305573964e+01 1.7273509748482642e+01 1.7319874165940632e+01 1.7382151673192332e+01 1.7465295222227198e+01 1.7575712732173368e+01 1.7721675013088781e+01 1.7913832872584457e+01 1.8165871495641316e+01 1.8495337515400905e+01 1.8924683738275149e+01 1.9482589065287222e+01 2.0202497192527897e+01 2.1070188667580378e+01 2.2096419773060564e+01 2.3376270181451410e+01 2.5003081868078606e+01 2.7074435730997717e+01 2.9715930754503457e+01 3.3089183935361461e+01 3.5028207127106818e+01 3.7619806460916415e+01 4.0952390446183216e+01 4.5132511749089481e+01 5.0288046921358287e+01 5.6524906544268411e+01
2.0254642282892995e+01 2.0270004360482744e+01 2.0291471009101283e+01 2.0321074581111372e+01 2.0361471504312604e+01 2.0416124425382559e+01 2.0489535197583997e+01 2.0587542205371715e+01 2.0717698902828271e+01 2.0889754661434292e+01 2.1116264319136867e+01 2.1413359542752858e+01 2.1801723753075745e+01 2.2307823614067001e+01 2.2965464914733094e+01 2.3814070035057391e+01 2.4836877530527040e+01 2.6046566569716628e+01 2.7555214088355523e+01 2.9472848679267315e+01 3.1914495644434901e+01 3.5028207127106818e+01 3.9004492173919935e+01 4.1290151894486705e+01 4.4345047903133420e+01 4.8273393377781339e+01 5.3200789259279745e+01 5.9277972415925369e+01
2.3862797077555758e+01 2.3875537032038242e+01 2.3893645367266306e+01 2.3918949579351978e+01 2.3953845341515322e+01 2.4001463967527101e+01 2.4065887116684213e+01 2.4152421432411241e+01 2.4267949019181376e+01 2.4421373651751480e+01 2.4624187583431876e+01 2.4891190063409503e+01 2.5241396594555020e+01 2.5699188144560019e+01 2.6295762786769910e+01 2.7070969724939957e+01 2.8071278824103477e+01 2.9276932219194883e+01 3.0702875716445163e+01 3.2481222092375859e+01 3.4741669601137914e+01 3.7619806460916415e+01 4.1290151894486705e+01 4.5977271990668761e+01 4.8671535979083949e+01 5.2272551576632814e+01 5.6903162008781109e+01 6.2711421725102525e+01
2.8118389285491176e+01 2.8128716733466803e+01 2.8143734192219458e+01 2.8165079729814629e+01 2.8194907541349380e+01 2.8236041571274747e+01 2.8292172914049399e+01 2.8368112901630429e+01 2.8470116838842777e+01 2.8606297134580807e+01 2.8787149279259179e+01 2.9026219980623196e+01 2.9340954129432927e+01 2.9753766604047126e+01 3.0293396924466560e+01 3.0996620401016781e+01 3.1910410025206005e+01 3.3089543016398594e+01 3.4510729422964744e+01 3.6191586892511246e+01 3.8287845822257204e+01 4.0952390446183216e+01 4.4345047903133420e+01 4.8671535979083949e+01 5.4196566135974059e+01 5.7372480019371750e+01 6.1617244259164842e+01 6.7075662596529227e+01
3.3136966986631052e+01 3.3145075350653066e+01 3.3157249022404201e+01 3.3174951131756131e+01 3.3200112581966124e+01 3.3235272670647824e+01 3.3283760174946515e+01 3.3349926041238120e+01 3.3439441716725256e+01 3.3559680758536622e+01 3.3720205819829530e+01 3.3933388655511543e+01 3.4215197699777555e+01 3.4586196442692916e+01 3.5072806839819663e+01 3.5708906135913701e+01 3.6537843913321609e+01 3.7614990461115681e+01 3.9004915447383851e+01 4.0680165407639038e+01 4.2661507472298972e+01 4.5132511749089481e+01 4.8273393377781339e+01 5.2272551576632814e+01 5.7372480019371750e+01 6.3885212274602509e+01 6.7628879947157202e+01 7.2632474895118747e+01
3.9054749761984120e+01 3.9060817336031256e+01 3.9070375221219898e+01 3.9084725163650404e+01 3.9105591854924150e+01 3.9135251383237616e+01 3.9176696992972161e+01 3.9233852542218870e+01 3.9311846790097363e+01 3.9417365060683956e+01 3.9559099071848834e+01 3.9748320979199228e+01 3.9999614219377548e+01 4.0331801881759475e+01 4.0769123563455956e+01 4.1342724636953413e+01 4.2092538535803349e+01 4.3069664388007297e+01 4.4339370953623146e+01 4.5977770932151969e+01 4.7952503040739984e+01 5.0288046921358287e+01 5.3200789259279745e+01 5.6903162008781109e+01 6.1617244259164842e+01 6.7628879947157202e+01 7.5305884456431727e+01 7.9718802487929906e+01
4.6032323064375433e+01 4.6036514059139201e+01 4.6043666325115254e+01 4.6054932860390579e+01 4.6071848122438759e+01 4.6096445123624171e+01 4.6131406845322850e+01 4.6180261630127831e+01 4.6247634798884256e+01 4.6339571971977733e+01 4.6463953599742879e+01 4.6631025206587523e+01 4.6854074055987986e+01 4.7150290645645832e+01 4.7541863042927055e+01 4.8057364124626055e+01 4.8733507078948783e+01 4.9617364184845378e+01 5.0769169491669345e+01 5.2265859766608791e+01 5.4197154272545056e+01 5.6524906544268411e+01 5.9277972415925369e+01 6.2711421725102525e+01 6.7075662596529227e+01 7.2632474895118747e+01 7.9718802487929906e+01 8.8768214612631652e+01
