30 9.1030000000000000e-01
1.0797751623277096e+00 1.2589254117941673e+00 1.4677992676220695e+00 1.7113283041617808e+00 1.9952623149688795e+00 2.3263050671536263e+00 2.7122725793320281e+00 3.1622776601683795e+00 3.6869450645195756e+00 4.2986623470822769e+00 5.0118723362727229e+00 5.8434141337351759e+00 6.8129206905796131e+00 7.9432823472428149e+00 9.2611872812879348e+00 1.0797751623277097e+01 1.2589254117941673e+01 1.4677992676220695e+01 1.7113283041617809e+01 1.9952623149688797e+01 2.3263050671536259e+01 2.7122725793320281e+01 3.1622776601683793e+01 3.6869450645195755e+01 4.2986623470822771e+01 5.0118723362727231e+01 5.8434141337351761e+01 6.8129206905796124e+01 7.9432823472428154e+01 9.2611872812879355e+01
1.0429430685550962e+00 1.0988211620520942e+00 1.1724360002115091e+00 1.2660066602147524e+00 1.3821757171149314e+00 1.5240780501472251e+00 1.6952490815115564e+00 1.8964255307377620e+00 2.1311957651677940e+00 2.4097121619124429e+00 2.7408099169187325e+00 3.1328105419476309e+00 3.5954350852618306e+00 4.1400355578357191e+00 4.7798651199778588e+00 5.5303933023518743e+00 6.4096736088914614e+00 7.4387721030619796e+00 8.6422670383417977e+00 1.0048831289953620e+01 1.1691911315987994e+01 1.3610518667915487e+01 1.5850152737170609e+01 1.8463876529365237e+01 2.1513570874632833e+01 2.5071396697612194e+01 2.9221499883705587e+01 3.4061999005930602e+01 3.9707302854495190e+01 4.6290812497068224e+01
1.0988211620520942e+00 1.2159823432390711e+00 1.2811314171576944e+00 1.3669600171082787e+00 1.4760553971339618e+00 1.6114985735453597e+00 1.7769445471887275e+00 1.9765153177212060e+00 2.2110698370522623e+00 2.4847918343426021e+00 2.8095181122719035e+00 3.1955497530320485e+00 3.6525889270247363e+00 4.1919695444140048e+00 4.8269270782772429e+00 5.5729135790793505e+00 6.4479651954005384e+00 7.4731307674688594e+00 8.6729715220547448e+00 1.0076143598844475e+01 1.1716077115983431e+01 1.3631767780627840e+01 1.5868699722449607e+01 1.8479921337167141e+01 2.1527299547193220e+01 2.5082982103537407e+01 2.9231102467438529e+01 3.4069767538487120e+01 3.9713375173987600e+01 4.6295316230064984e+01
1.1724360002115091e+00 1.2811314171576944e+00 1.4177313255628301e+00 1.4936895690680825e+00 1.5937583697835713e+00 1.7209542444577017e+00 1.8788693943772909e+00 2.0717652376653124e+00 2.3044476730836849e+00 2.5779181650335765e+00 2.8970545835940906e+00 3.2756576274733873e+00 3.7257374767467204e+00 4.2586060316081298e+00 4.8874776611395463e+00 5.6277837940083257e+00 6.4975401983792533e+00 7.5177754796238148e+00 8.7130307836920320e+00 1.0111942398586192e+01 1.1747920930248750e+01 1.3659943034858552e+01 1.5893474368973232e+01 1.8501545534402396e+01 2.1546006419673624e+01 2.5098988560584644e+01 2.9244610059050252e+01 3.4080963329149895e+01 3.9722432617971279e+01 4.6302396034809753e+01
1.2660066602147524e+00 1.3669600171082787e+00 1.4936895690680825e+00 1.6529533694774763e+00 1.7415141794685742e+00 1.8581858353315572e+00 2.0064853373847913e+00 2.1906008848405123e+00 2.4155009264577445e+00 2.6867887288136210e+00 3.0056319136757330e+00 3.3777176600163910e+00 3.8191364012057827e+00 4.3438909791544091e+00 4.9651701012032117e+00 5.6983805905673188e+00 6.5615141721607788e+00 7.5755756895352322e+00 8.7650826965300226e+00 1.0158648068629734e+01 1.1789659266412572e+01 1.3697070196498984e+01 1.5926324303637722e+01 1.8530430651568430e+01 2.1571218382644158e+01 2.5120799172610582e+01 2.9263272217833492e+01 3.4096712024735261e+01 3.9735485951537605e+01 4.6312956239188203e+01
1.3821757171149314e+00 1.4760553971339618e+00 1.5937583697835713e+00 1.7415141794685742e+00 1.9272021379525168e+00 2.0304564617012888e+00 2.1664856254814380e+00 2.3393901506131014e+00 2.5540531188728357e+00 2.8162673162203102e+00 3.1325656718514541e+00 3.5043095328002343e+00 3.9381296629325528e+00 4.4527861302359382e+00 5.0646050497512860e+00 5.7889633253003474e+00 6.6438239939460715e+00 7.6501638668678140e+00 8.8324727936569616e+00 1.0219336143416506e+01 1.1844114079733091e+01 1.3745733523713668e+01 1.5969611396069233e+01 1.8568730863471576e+01 2.1604895956727805e+01 2.5150194163319942e+01 2.9288701524493082e+01 3.4118470504417743e+01 3.9753847582520379e+01 4.6328175308776586e+01
1.5240780501472251e+00 1.6114985735453597e+00 1.7209542444577017e+00 1.8581858353315572e+00 2.0304564617012888e+00 2.2469527266234000e+00 2.3673384296661779e+00 2.5259367906979042e+00 2.7275286665780705e+00 2.9778073126721036e+00 3.2835266215533347e+00 3.6523034294531858e+00 4.0857249504835611e+00 4.5915220877265401e+00 5.1915674746158942e+00 5.9048959637931233e+00 6.7494357088695622e+00 7.7461300734458316e+00 8.9194362237667733e+00 1.0297907228153711e+01 1.1914871180106866e+01 1.3809223174777621e+01 1.6026348670078161e+01 1.8619199907922678e+01 2.1649550725353922e+01 2.5189459331940867e+01 2.9322973567483672e+01 3.4148118899264176e+01 3.9779216107329965e+01 4.6349583398768551e+01
1.6952490815115564e+00 1.7769445471887275e+00 1.8788693943772909e+00 2.0064853373847913e+00 2.1664856254814380e+00 2.3673384296661779e+00 2.6197545427405116e+00 2.7601139676142452e+00 2.9450260807446527e+00 3.1800649519941961e+00 3.4718684297830196e+00 3.8283109747263921e+00 4.2582731658779567e+00 4.7636055590285382e+00 5.3533217254156593e+00 6.0529232833514808e+00 6.8846032416550642e+00 7.8692642928084284e+00 9.0313246060426824e+00 1.0399299143694737e+01 1.2006478339318296e+01 1.3891719897089132e+01 1.6100372168579504e+01 1.8685350712773371e+01 2.1708393311093246e+01 2.5241522969763409e+01 2.9368753393043558e+01 3.4188077167744758e+01 3.9813783597853288e+01 4.6379160927180735e+01
1.8964255307377620e+00 1.9765153177212060e+00 2.0717652376653124e+00 2.1906008848405123e+00 2.3393901506131014e+00 2.5259367906979042e+00 2.7601139676142452e+00 3.0544095489374476e+00 3.2180566237390522e+00 3.4336483193903886e+00 3.7076835242172832e+00 4.0479014012856318e+00 4.4634828976282996e+00 4.9647820082547440e+00 5.5539563228116764e+00 6.2415148938109821e+00 7.0571904252962030e+00 8.0268580658549933e+00 9.1748885656755714e+00 1.0529751419914934e+01 1.2124692633810787e+01 1.3998526003264912e+01 1.6196556285172630e+01 1.8771655775701802e+01 2.1785519487118307e+01 2.5310128387879544e+01 2.9429455138158673e+01 3.4241452525648533e+01 3.9860371518521006e+01 4.6419463662194516e+01
2.1311957651677940e+00 2.2110698370522623e+00 2.3044476730836849e+00 2.4155009264577445e+00 2.5540531188728357e+00 2.7275286665780705e+00 2.9450260807446527e+00 3.2180566237390522e+00 3.5611800802073641e+00 3.7519785614295080e+00 4.0033400241641806e+00 4.3228416159021217e+00 4.7195065383149393e+00 5.2040389897647188e+00 5.7885108421427329e+00 6.4754376602899155e+00 7.2770720998726324e+00 8.2280799487212644e+00 9.3586294152068259e+00 1.0697134707941318e+01 1.2276788821322604e+01 1.4136353751639019e+01 1.6321083062496911e+01 1.8883798222402486e+01 2.1886143802881296e+01 2.5400050907215096e+01 2.9509443183139240e+01 3.4312225564454991e+01 3.9922602616969144e+01 4.6473781189822041e+01
2.4097121619124429e+00 2.4847918343426021e+00 2.5779181650335765e+00 2.6867887288136210e+00 2.8162673162203102e+00 2.9778073126721036e+00 3.1800649519941961e+00 3.4336483193903886e+00 3.7519785614295080e+00 4.1520311407085142e+00 4.3744858376886517e+00 4.6675517869926342e+00 5.0400632939997791e+00 5.5025406394837635e+00 6.0674640024680286e+00 6.7489081522398076e+00 7.5498060220742476e+00 8.4844431596654601e+00 9.5932369062731340e+00 1.0911360810494825e+01 1.2471943407349396e+01 1.4313684887023596e+01 1.6481778419208474e+01 1.9028985785417383e+01 2.2016892296473166e+01 2.5517370246072034e+01 2.9614285143422929e+01 3.4405484778020053e+01 4.0005117922128854e+01 4.6546337323703966e+01
2.7408099169187325e+00 2.8095181122719035e+00 2.8970545835940906e+00 3.0056319136757330e+00 3.1325656718514541e+00 3.2835266215533347e+00 3.4718684297830196e+00 3.7076835242172832e+00 4.0033400241641806e+00 4.3744858376886517e+00 4.8409129010991814e+00 5.1002760359184185e+00 5.4419658467073697e+00 5.8762823773322026e+00 6.4154913746514000e+00 7.0741436591176976e+00 7.8686492069363601e+00 8.8024275672505841e+00 9.8921344658456754e+00 1.1184893062953702e+01 1.2721712705425158e+01 1.4541218429328522e+01 1.6688531343730922e+01 1.9216342816010123e+01 2.2186168567064435e+01 2.5669811797683362e+01 2.9751069450133130e+01 3.4527721529362729e+01 4.0113850182267072e+01 4.6642543106307414e+01
3.1328105419476309e+00 3.1955497530320485e+00 3.2756576274733873e+00 3.3777176600163910e+00 3.5043095328002343e+00 3.6523034294531858e+00 3.8283109747263921e+00 4.0479014012856318e+00 4.3228416159021217e+00 4.6675517869926342e+00 5.1002760359184185e+00 5.6440900662487739e+00 5.9464852802696688e+00 6.3448663514049191e+00 6.8512422491308724e+00 7.4799137843510630e+00 8.2478459681803145e+00 9.1741714281993634e+00 1.0262877065999808e+01 1.1533382032136835e+01 1.3040627897754121e+01 1.4832428050927630e+01 1.6953815977455697e+01 1.9457399028196892e+01 2.2404610827194805e+01 2.5867173439343738e+01 2.9928803250494976e+01 3.4687200322411556e+01 4.0256367771010936e+01 4.6769315614275392e+01
3.5954350852618306e+00 3.6525889270247363e+00 3.7257374767467204e+00 3.8191364012057827e+00 3.9381296629325528e+00 4.0857249504835611e+00 4.2582731658779567e+00 4.4634828976282996e+00 4.7195065383149393e+00 5.0400632939997791e+00 5.4419658467073697e+00 5.9464852802696688e+00 6.5805258897954761e+00 6.9330928246702950e+00 7.3975710526643308e+00 7.9879620042333848e+00 8.7209392007584388e+00 9.6162823930144405e+00 1.0696298587030183e+01 1.1965636168787395e+01 1.3446936205577050e+01 1.5204255866419002e+01 1.7293341469040225e+01 1.9766698203068323e+01 2.2685661736477218e+01 2.6121858416256007e+01 3.0158910030747304e+01 3.4894422719829855e+01 4.0442306392509330e+01 4.6935478923413292e+01
4.1400355578357191e+00 4.1919695444140048e+00 4.2586060316081298e+00 4.3438909791544091e+00 4.4527861302359382e+00 4.5915220877265401e+00 4.7636055590285382e+00 4.9647820082547440e+00 5.2040389897647188e+00 5.5025406394837635e+00 5.8762823773322026e+00 6.3448663514049191e+00 6.9330928246702950e+00 7.6723299022492712e+00 8.0833927689996550e+00 8.6249346240523899e+00 9.3132799368130161e+00 1.0167868605977995e+01 1.1211762127827591e+01 1.2470968561937976e+01 1.3950907528467491e+01 1.5677976573828763e+01 1.7726860873880856e+01 2.0162555863274388e+01 2.3046278098732859e+01 2.6449539718853057e+01 3.0455850913093467e+01 3.5162707528735162e+01 4.0683909969906338e+01 4.7152267439953796e+01
4.7798651199778588e+00 4.8269270782772429e+00 4.8874776611395463e+00 4.9651701012032117e+00 5.0646050497512860e+00 5.1915674746158942e+00 5.3533217254156593e+00 5.5539563228116764e+00 5.7885108421427329e+00 6.0674640024680286e+00 6.4154913746514000e+00 6.8512422491308724e+00 7.3975710526643308e+00 8.0833927689996550e+00 8.9452799236350771e+00 9.4245440397696143e+00 1.0055935487417241e+01 1.0858487200549488e+01 1.1854864437014045e+01 1.3071954927436821e+01 1.4540081843024423e+01 1.6265563996968382e+01 1.8279178668786994e+01 2.0668002380568986e+01 2.3507814245584463e+01 2.6869987528907991e+01 3.0837899262788738e+01 3.5508915179761601e+01 4.0996707092226821e+01 4.7433956530217536e+01
5.5303933023518743e+00 5.5729135790793505e+00 5.6277837940083257e+00 5.6983805905673188e+00 5.7889633253003474e+00 5.9048959637931233e+00 6.0529232833514808e+00 6.2415148938109821e+00 6.4754376602899155e+00 6.7489081522398076e+00 7.0741436591176976e+00 7.4799137843510630e+00 7.9879620042333848e+00 8.6249346240523899e+00 9.4245440397696143e+00 1.0429430685550962e+01 1.0988211620520943e+01 1.1724360002115091e+01 1.2660066602147523e+01 1.3821757171149313e+01 1.5240780501472251e+01 1.6952490815115564e+01 1.8964255307377620e+01 2.1311957651677940e+01 2.4097121619124426e+01 2.7408099169187327e+01 3.1328105419476309e+01 3.5954350852618305e+01 4.1400355578357185e+01 4.7798651199778590e+01
6.4096736088914614e+00 6.4479651954005384e+00 6.4975401983792533e+00 6.5615141721607788e+00 6.6438239939460715e+00 6.7494357088695622e+00 6.8846032416550642e+00 7.0571904252962030e+00 7.2770720998726324e+00 7.5498060220742476e+00 7.8686492069363601e+00 8.2478459681803145e+00 8.7209392007584388e+00 9.3132799368130161e+00 1.0055935487417241e+01 1.0988211620520943e+01 1.2159823432390711e+01 1.2811314171576944e+01 1.3669600171082786e+01 1.4760553971339618e+01 1.6114985735453597e+01 1.7769445471887277e+01 1.9765153177212060e+01 2.2110698370522623e+01 2.4847918343426020e+01 2.8095181122719033e+01 3.1955497530320486e+01 3.6525889270247362e+01 4.1919695444140046e+01 4.8269270782772423e+01
7.4387721030619796e+00 7.4731307674688594e+00 7.5177754796238148e+00 7.5755756895352322e+00 7.6501638668678140e+00 7.7461300734458316e+00 7.8692642928084284e+00 8.0268580658549933e+00 8.2280799487212644e+00 8.4844431596654601e+00 8.8024275672505841e+00 9.1741714281993634e+00 9.6162823930144405e+00 1.0167868605977995e+01 1.0858487200549488e+01 1.1724360002115091e+01 1.2811314171576944e+01 1.4177313255628302e+01 1.4936895690680824e+01 1.5937583697835713e+01 1.7209542444577018e+01 1.8788693943772909e+01 2.0717652376653128e+01 2.3044476730836848e+01 2.5779181650335765e+01 2.8970545835940904e+01 3.2756576274733874e+01 3.7257374767467205e+01 4.2586060316081294e+01 4.8874776611395461e+01
8.6422670383417977e+00 8.6729715220547448e+00 8.7130307836920320e+00 8.7650826965300226e+00 8.8324727936569616e+00 8.9194362237667733e+00 9.0313246060426824e+00 9.1748885656755714e+00 9.3586294152068259e+00 9.5932369062731340e+00 9.8921344658456754e+00 1.0262877065999808e+01 1.0696298587030183e+01 1.1211762127827591e+01 1.1854864437014045e+01 1.2660066602147523e+01 1.3669600171082786e+01 1.4936895690680824e+01 1.6529533694774763e+01 1.7415141794685741e+01 1.8581858353315575e+01 2.0064853373847910e+01 2.1906008848405122e+01 2.4155009264577448e+01 2.6867887288136210e+01 3.0056319136757331e+01 3.3777176600163905e+01 3.8191364012057825e+01 4.3438909791544098e+01 4.9651701012032120e+01
1.0048831289953620e+01 1.0076143598844475e+01 1.0111942398586192e+01 1.0158648068629734e+01 1.0219336143416506e+01 1.0297907228153711e+01 1.0399299143694737e+01 1.0529751419914934e+01 1.0697134707941318e+01 1.0911360810494825e+01 1.1184893062953702e+01 1.1533382032136835e+01 1.1965636168787395e+01 1.2470968561937976e+01 1.3071954927436821e+01 1.3821757171149313e+01 1.4760553971339618e+01 1.5937583697835713e+01 1.7415141794685741e+01 1.9272021379525167e+01 2.0304564617012886e+01 2.1664856254814381e+01 2.3393901506131012e+01 2.5540531188728355e+01 2.8162673162203102e+01 3.1325656718514544e+01 3.5043095328002345e+01 3.9381296629325526e+01 4.4527861302359376e+01 5.0646050497512860e+01
1.1691911315987994e+01 1.1716077115983431e+01 1.1747920930248750e+01 1.1789659266412572e+01 1.1844114079733091e+01 1.1914871180106866e+01 1.2006478339318296e+01 1.2124692633810787e+01 1.2276788821322604e+01 1.2471943407349396e+01 1.2721712705425158e+01 1.3040627897754121e+01 1.3446936205577050e+01 1.3950907528467491e+01 1.4540081843024423e+01 1.5240780501472251e+01 1.6114985735453597e+01 1.7209542444577018e+01 1.8581858353315575e+01 2.0304564617012886e+01 2.2469527266234003e+01 2.3673384296661780e+01 2.5259367906979040e+01 2.7275286665780705e+01 2.9778073126721036e+01 3.2835266215533345e+01 3.6523034294531854e+01 4.0857249504835607e+01 4.5915220877265398e+01 5.1915674746158935e+01
1.3610518667915487e+01 1.3631767780627840e+01 1.3659943034858552e+01 1.3697070196498984e+01 1.3745733523713668e+01 1.3809223174777621e+01 1.3891719897089132e+01 1.3998526003264912e+01 1.4136353751639019e+01 1.4313684887023596e+01 1.4541218429328522e+01 1.4832428050927630e+01 1.5204255866419002e+01 1.5677976573828763e+01 1.6265563996968382e+01 1.6952490815115564e+01 1.7769445471887277e+01 1.8788693943772909e+01 2.0064853373847910e+01 2.1664856254814381e+01 2.3673384296661780e+01 2.6197545427405117e+01 2.7601139676142452e+01 2.9450260807446529e+01 3.1800649519941960e+01 3.4718684297830194e+01 3.8283109747263921e+01 4.2582731658779565e+01 4.7636055590285387e+01 5.3533217254156597e+01
1.5850152737170609e+01 1.5868699722449607e+01 1.5893474368973232e+01 1.5926324303637722e+01 1.5969611396069233e+01 1.6026348670078161e+01 1.6100372168579504e+01 1.6196556285172630e+01 1.6321083062496911e+01 1.6481778419208474e+01 1.6688531343730922e+01 1.6953815977455697e+01 1.7293341469040225e+01 1.7726860873880856e+01 1.8279178668786994e+01 1.8964255307377620e+01 1.9765153177212060e+01 2.0717652376653128e+01 2.1906008848405122e+01 2.3393901506131012e+01 2.5259367906979040e+01 2.7601139676142452e+01 3.0544095489374477e+01 3.2180566237390522e+01 3.4336483193903888e+01 3.7076835242172834e+01 4.0479014012856318e+01 4.4634828976282996e+01 4.9647820082547440e+01 5.5539563228116762e+01
1.8463876529365237e+01 1.8479921337167141e+01 1.8501545534402396e+01 1.8530430651568430e+01 1.8568730863471576e+01 1.8619199907922678e+01 1.8685350712773371e+01 1.8771655775701802e+01 1.8883798222402486e+01 1.9028985785417383e+01 1.9216342816010123e+01 1.9457399028196892e+01 1.9766698203068323e+01 2.0162555863274388e+01 2.0668002380568986e+01 2.1311957651677940e+01 2.2110698370522623e+01 2.3044476730836848e+01 2.4155009264577448e+01 2.5540531188728355e+01 2.7275286665780705e+01 2.9450260807446529e+01 3.2180566237390522e+01 3.5611800802073645e+01 3.7519785614295081e+01 4.0033400241641807e+01 4.3228416159021222e+01 4.7195065383149398e+01 5.2040389897647195e+01 5.7885108421427326e+01
2.1513570874632833e+01 2.1527299547193220e+01 2.1546006419673624e+01 2.1571218382644158e+01 2.1604895956727805e+01 2.1649550725353922e+01 2.1708393311093246e+01 2.1785519487118307e+01 2.1886143802881296e+01 2.2016892296473166e+01 2.2186168567064435e+01 2.2404610827194805e+01 2.2685661736477218e+01 2.3046278098732859e+01 2.3507814245584463e+01 2.4097121619124426e+01 2.4847918343426020e+01 2.5779181650335765e+01 2.6867887288136210e+01 2.8162673162203102e+01 2.9778073126721036e+01 3.1800649519941960e+01 3.4336483193903888e+01 3.7519785614295081e+01 4.1520311407085146e+01 4.3744858376886512e+01 4.6675517869926338e+01 5.0400632939997791e+01 5.5025406394837631e+01 6.0674640024680293e+01
2.5071396697612194e+01 2.5082982103537407e+01 2.5098988560584644e+01 2.5120799172610582e+01 2.5150194163319942e+01 2.5189459331940867e+01 2.5241522969763409e+01 2.5310128387879544e+01 2.5400050907215096e+01 2.5517370246072034e+01 2.5669811797683362e+01 2.5867173439343738e+01 2.6121858416256007e+01 2.6449539718853057e+01 2.6869987528907991e+01 2.7408099169187327e+01 2.8095181122719033e+01 2.8970545835940904e+01 3.0056319136757331e+01 3.1325656718514544e+01 3.2835266215533345e+01 3.4718684297830194e+01 3.7076835242172834e+01 4.0033400241641807e+01 4.3744858376886512e+01 4.8409129010991812e+01 5.1002760359184187e+01 5.4419658467073702e+01 5.8762823773322026e+01 6.4154913746513998e+01
2.9221499883705587e+01 2.9231102467438529e+01 2.9244610059050252e+01 2.9263272217833492e+01 2.9288701524493082e+01 2.9322973567483672e+01 2.9368753393043558e+01 2.9429455138158673e+01 2.9509443183139240e+01 2.9614285143422929e+01 2.9751069450133130e+01 2.9928803250494976e+01 3.0158910030747304e+01 3.0455850913093467e+01 3.0837899262788738e+01 3.1328105419476309e+01 3.1955497530320486e+01 3.2756576274733874e+01 3.3777176600163905e+01 3.5043095328002345e+01 3.6523034294531854e+01 3.8283109747263921e+01 4.0479014012856318e+01 4.3228416159021222e+01 4.6675517869926338e+01 5.1002760359184187e+01 5.6440900662487735e+01 5.9464852802696690e+01 6.3448663514049194e+01 6.8512422491308726e+01
3.4061999005930602e+01 3.4069767538487120e+01 3.4080963329149895e+01 3.4096712024735261e+01 3.4118470504417743e+01 3.4148118899264176e+01 3.4188077167744758e+01 3.4241452525648533e+01 3.4312225564454991e+01 3.4405484778020053e+01 3.4527721529362729e+01 3.4687200322411556e+01 3.4894422719829855e+01 3.5162707528735162e+01 3.5508915179761601e+01 3.5954350852618305e+01 3.6525889270247362e+01 3.7257374767467205e+01 3.8191364012057825e+01 3.9381296629325526e+01 4.0857249504835607e+01 4.2582731658779565e+01 4.4634828976282996e+01 4.7195065383149398e+01 5.0400632939997791e+01 5.4419658467073702e+01 5.9464852802696690e+01 6.5805258897954758e+01 6.9330928246702953e+01 7.3975710526643297e+01
3.9707302854495190e+01 3.9713375173987600e+01 3.9722432617971279e+01 3.9735485951537605e+01 3.9753847582520379e+01 3.9779216107329965e+01 3.9813783597853288e+01 3.9860371518521006e+01 3.9922602616969144e+01 4.0005117922128854e+01 4.0113850182267072e+01 4.0256367771010936e+01 4.0442306392509330e+01 4.0683909969906338e+01 4.0996707092226821e+01 4.1400355578357185e+01 4.1919695444140046e+01 4.2586060316081294e+01 4.3438909791544098e+01 4.4527861302359376e+01 4.5915220877265398e+01 4.7636055590285387e+01 4.9647820082547440e+01 5.2040389897647195e+01 5.5025406394837631e+01 5.8762823773322026e+01 6.3448663514049194e+01 6.9330928246702953e+01 7.6723299022492711e+01 8.0833927689996557e+01
4.6290812497068224e+01 4.6295316230064984e+01 4.6302396034809753e+01 4.6312956239188203e+01 4.6328175308776586e+01 4.6349583398768551e+01 4.6379160927180735e+01 4.6419463662194516e+01 4.6473781189822041e+01 4.6546337323703966e+01 4.6642543106307414e+01 4.6769315614275392e+01 4.6935478923413292e+01 4.7152267439953796e+01 4.7433956530217536e+01 4.7798651199778590e+01 4.8269270782772423e+01 4.8874776611395461e+01 4.9651701012032120e+01 5.0646050497512860e+01 5.1915674746158935e+01 5.3533217254156597e+01 5.5539563228116762e+01 5.7885108421427326e+01 6.0674640024680293e+01 6.4154913746513998e+01 6.8512422491308726e+01 7.3975710526643297e+01 8.0833927689996557e+01 8.9452799236350771e+01
