35 9.1149999999999998e-01
1.0680004325145758e+00 1.2181879120101156e+00 1.3894954943731377e+00 1.5848931924611134e+00 1.8077686769634342e+00 2.0619860095022204e+00 2.3519526350709588e+00 2.6826957952797259e+00 3.0599496872071956e+00 3.4902548789595804e+00 3.9810717055349727e+00 4.5409096109724763e+00 5.1794746792312107e+00 5.9078379115879445e+00 6.7386271680309457e+00 7.6862461003977387e+00 8.7671238729686820e+00 1.0000000000000000e+01 1.1406249238513208e+01 1.3010252169108314e+01 1.4839817889675652e+01 1.6926666150378757e+01 1.9306977288832503e+01 2.2022019499873753e+01 2.5118864315095802e+01 2.8651202696637807e+01 3.2680275894101257e+01 3.7275937203149404e+01 4.2517863033828903e+01 4.8496934285281981e+01 5.5316811976172268e+01 6.3095734448019321e+01 7.1968567300115197e+01 8.2089141596382561e+01 9.3632920882394146e+01
1.0362338059762692e+00 1.0818478414714614e+00 1.1401485587110083e+00 1.2124679237584068e+00 1.3003542877000740e+00 1.4056020753864720e+00 1.5302855633657482e+00 1.6767627330594108e+00 1.8454154920320034e+00 2.0378270198769162e+00 2.2602352474343510e+00 2.5184967257677191e+00 2.8173997665534318e+00 3.1624172245989368e+00 3.5598022116008035e+00 4.0166974320927400e+00 4.5412600073757821e+00 5.1428039222847461e+00 5.8319625380839675e+00 6.6208739669440524e+00 7.5233925046049608e+00 8.5553297743263954e+00 9.7347297545902300e+00 1.1082182454052747e+01 1.2621181670129554e+01 1.4378533034027619e+01 1.6384819418386929e+01 1.8674931779205792e+01 2.1288674638768342e+01 2.4271456710649602e+01 2.7675078644070808e+01 3.1558631548578635e+01 3.5989521880472964e+01 4.1044640462944088e+01 4.6811695910509897e+01
1.0818478414714614e+00 1.1819541060338463e+00 1.2339826117971013e+00 1.3004818629589370e+00 1.3829711332091017e+00 1.4832165103876354e+00 1.6032647602029531e+00 1.7454818541848323e+00 1.9125573647126231e+00 2.1049269050730515e+00 2.3243962893692713e+00 2.5780806569908781e+00 2.8726601360486055e+00 3.2135963941837371e+00 3.6071319059942675e+00 4.0603991265329293e+00 4.5815452026145778e+00 5.1798743501020494e+00 5.8660103322383126e+00 6.6520818259057810e+00 7.5519338643747522e+00 8.5813690026686320e+00 9.7584223723639827e+00 1.1103675385042669e+01 1.2640613517760359e+01 1.4396034381405208e+01 1.6400513147031454e+01 1.8688933401415234e+01 2.1301092638585221e+01 2.4282392888740684e+01 2.7684628462345334e+01 3.1566884470972578e+01 3.5996561706949400e+01 4.1050545654359915e+01 4.6816539902550439e+01
1.1401485587110083e+00 1.2339826117971013e+00 1.3481663121906120e+00 1.4075113226149227e+00 1.4833620259075613e+00 1.5774513435052067e+00 1.6917937192159183e+00 1.8287237450199996e+00 1.9909401070134365e+00 2.1815105984866183e+00 2.4009320908115459e+00 2.6512643405621179e+00 2.9406230530627830e+00 3.2766277489311655e+00 3.6655081424047040e+00 4.1143845555963807e+00 4.6313924445075925e+00 5.2258246478536368e+00 5.9082937861445606e+00 6.6909175885203860e+00 7.5875303261265366e+00 8.6139239889826626e+00 9.7881233652089925e+00 1.1130699775386693e+01 1.2665128890534080e+01 1.4418198831129386e+01 1.6420475620051310e+01 1.8706834059455339e+01 2.1317063237851656e+01 2.4296557168836198e+01 2.7697102539647698e+01 3.1577777231714755e+01 3.6005975195926538e+01 4.1058575455898527e+01 4.6823275511059450e+01
1.2124679237584068e+00 1.3004818629589370e+00 1.4075113226149227e+00 1.5377520971813328e+00 1.6054424951775181e+00 1.6919596978447531e+00 1.7992803185647901e+00 1.9297020821527997e+00 2.0858878824085392e+00 2.2709159079547416e+00 2.4882853602796486e+00 2.7385629832541118e+00 3.0240981865633878e+00 3.3541479459751757e+00 3.7374032766137351e+00 4.1809699458067620e+00 4.6929695704221723e+00 5.2826816543420554e+00 5.9607058410184095e+00 6.7391471499123714e+00 7.6318273649015289e+00 8.6545262004576671e+00 9.8252563939944153e+00 1.1164577468088842e+01 1.2695953583712361e+01 1.4446161676332597e+01 1.6445756943830158e+01 1.8729603753723495e+01 2.1337481174565539e+01 2.4314773632408336e+01 2.7713258670553049e+01 3.1592005475187879e+01 3.6018399750318615e+01 4.1069312716046255e+01 4.6832434502827965e+01
1.3003542877000740e+00 1.3829711332091017e+00 1.4833620259075613e+00 1.6054424951775181e+00 1.7539983687496667e+00 1.8312077238095312e+00 1.9298914015136752e+00 2.0523039763501441e+00 2.2010662905112723e+00 2.3792157070346329e+00 2.5902632845836302e+00 2.8382002995893307e+00 3.1236731942362672e+00 3.4493617637677816e+00 3.8258247454639989e+00 4.2629753277892188e+00 4.7689185260604994e+00 5.3529180588993563e+00 6.0255583597146760e+00 6.7989296460117465e+00 7.6868392046916441e+00 8.7050525069372320e+00 9.8715682883662890e+00 1.1206932326219583e+01 1.2734595324371007e+01 1.4481321089641815e+01 1.6477652062010737e+01 1.8758440261733604e+01 2.1363452855356275e+01 2.4338062839917811e+01 2.7734036822927862e+01 3.1610433560771529e+01 3.6034628839446682e+01 4.1083484472453598e+01 4.6844681689366340e+01
1.4056020753864720e+00 1.4832165103876354e+00 1.5774513435052067e+00 1.6919596978447531e+00 1.8312077238095312e+00 2.0006542557904297e+00 2.0887211705261968e+00 2.2012822328928547e+00 2.3409090667441457e+00 2.5105910700061291e+00 2.7137927346622446e+00 2.9545188617330753e+00 3.2373220005938759e+00 3.5629394993121544e+00 3.9344279991332836e+00 4.3638310589633722e+00 4.8624559086396371e+00 5.4395473306409095e+00 6.1056717533144385e+00 6.8729020452112417e+00 7.7550286097526362e+00 8.7678003825087547e+00 9.9291998528470309e+00 1.1259756827210911e+01 1.2782906331201117e+01 1.4525396822138065e+01 1.6517755765139221e+01 1.8794820628479556e+01 2.1396344495109442e+01 2.4367686786342034e+01 2.7760601073469914e+01 3.1634133639241821e+01 3.6055648373162263e+01 4.1101995776004486e+01 4.6860846347939308e+01
1.5302855633657482e+00 1.6032647602029531e+00 1.6917937192159183e+00 1.7992803185647901e+00 1.9298914015136752e+00 2.0887211705261968e+00 2.2819961081637796e+00 2.3824474260780852e+00 2.5108373792686778e+00 2.6700992259979075e+00 2.8636427480475470e+00 3.0954196313223901e+00 3.3699978516815801e+00 3.6925701604095953e+00 4.0639775950897894e+00 4.4877066369099063e+00 4.9774944693301251e+00 5.5462384005224905e+00 6.2044832597979429e+00 6.9642813786854418e+00 7.8394033719566600e+00 8.8455789174639143e+00 1.0000771643642629e+01 1.1325492826058190e+01 1.2843159273621835e+01 1.4580501560624841e+01 1.6568029644161449e+01 1.8840563911806640e+01 2.1437840848158729e+01 2.4405203810430837e+01 2.7794390885104217e+01 3.1664433485493515e+01 3.6082681273362709e+01 4.1125971180048204e+01 4.6881960802142423e+01
1.6767627330594108e+00 1.7454818541848323e+00 1.8287237450199996e+00 1.9297020821527997e+00 2.0523039763501441e+00 2.2012822328928547e+00 2.3824474260780852e+00 2.6029016371033213e+00 2.7174789139500910e+00 2.8639236945313855e+00 3.0455817263293343e+00 3.2663422914291207e+00 3.5307127812649850e+00 3.8439035429534170e+00 4.2118375580328546e+00 4.6354741349327648e+00 5.1187900409924287e+00 5.6774542500500447e+00 6.3261777532572374e+00 7.0769882457438236e+00 7.9436329172422537e+00 8.9418188741778533e+00 1.0089487779153126e+01 1.1407129394484322e+01 1.2918139392301303e+01 1.4649227568485291e+01 1.6630883482301773e+01 1.8897907551238077e+01 2.1490016777220394e+01 2.4452535584967784e+01 2.7837183737848637e+01 3.1702974986815846e+01 3.6117242033186251e+01 4.1156805579780816e+01 4.6909307745554095e+01
1.8454154920320034e+00 1.9125573647126231e+00 1.9909401070134365e+00 2.0858878824085392e+00 2.2010662905112723e+00 2.3409090667441457e+00 2.5108373792686778e+00 2.7174789139500910e+00 2.9689344816134544e+00 3.0996241792918924e+00 3.2666627459908550e+00 3.4738664246773707e+00 3.7256714274336891e+00 4.0272189972712589e+00 4.3844521859730632e+00 4.8041268939053570e+00 5.2873373321724522e+00 5.8386195007178889e+00 6.4758458216326904e+00 7.2157960180789562e+00 8.0721891788982418e+00 9.0607056913322914e+00 1.0199261472451417e+01 1.1508321229795367e+01 1.3011256096945843e+01 1.4734751760644421e+01 1.6709274079784205e+01 1.8969600205580651e+01 2.1555424361580233e+01 2.4512048750080616e+01 2.7891171539575591e+01 3.1751785581218829e+01 3.6161203430197155e+01 4.1196226443822795e+01 4.6944478230401110e+01
2.0378270198769162e+00 2.1049269050730515e+00 2.1815105984866183e+00 2.2709159079547416e+00 2.3792157070346329e+00 2.5105910700061291e+00 2.6700992259979075e+00 2.8639236945313855e+00 3.0996241792918924e+00 3.3864406670099072e+00 3.5355085934725277e+00 3.7260369458937657e+00 3.9623786261172862e+00 4.2495936882115934e+00 4.5935463620951218e+00 5.0010154407552827e+00 5.4797068725328808e+00 6.0308687418854490e+00 6.6596749234031787e+00 7.3865111471726808e+00 8.2305167836479729e+00 9.2073401674942623e+00 1.0334866739215123e+01 1.1633531840354607e+01 1.3126678026391879e+01 1.4840962994788885e+01 1.6806825104953159e+01 1.9059014474864707e+01 2.1637198789980427e+01 2.4586654271010360e+01 2.7959053739000566e+01 3.1813365413452534e+01 3.6216878010721189e+01 4.1246369908940750e+01 4.6989442650447145e+01
2.2602352474343510e+00 2.3243962893692713e+00 2.4009320908115459e+00 2.4882853602796486e+00 2.5902632845836302e+00 2.7137927346622446e+00 2.8636427480475470e+00 3.0455817263293343e+00 3.2666627459908550e+00 3.5355085934725277e+00 3.8626586279351911e+00 4.0326892202052926e+00 4.2500106076772841e+00 4.5195878186851308e+00 4.8471924770154029e+00 5.2395134694722598e+00 5.7042828562907735e+00 6.2502902342103761e+00 6.8789591994704011e+00 7.5961912023813012e+00 8.4252387147707726e+00 9.3879325796054882e+00 1.0502121677421350e+01 1.1788206587430798e+01 1.3269496369526390e+01 1.4972616124274044e+01 1.6927972285811343e+01 1.9170283605519664e+01 2.1739186934073775e+01 2.4679928222177317e+01 2.8044150655629942e+01 3.1890793542002509e+01 3.6287117502173544e+01 4.1309873723111437e+01 4.7046637536528948e+01
2.5184967257677191e+00 2.5780806569908781e+00 2.6512643405621179e+00 2.7385629832541118e+00 2.8382002995893307e+00 2.9545188617330753e+00 3.0954196313223901e+00 3.2663422914291207e+00 3.4738664246773707e+00 3.7260369458937657e+00 4.0326892202052926e+00 4.4058447033522246e+00 4.5997858347127041e+00 4.8476680257492077e+00 5.1551545115270843e+00 5.5288285499883889e+00 5.9763196521347659e+00 6.5064471985830581e+00 7.1292368224448648e+00 7.8463123130722696e+00 8.6644050117762443e+00 9.6100372674646124e+00 1.0708109883733844e+01 1.1978981738586032e+01 1.3445922241131893e+01 1.5135518286036417e+01 1.7078139126605137e+01 1.9308467099460831e+01 2.1866103277754089e+01 2.4796258441267529e+01 2.8150541249077065e+01 3.1987857206052873e+01 3.6375433955404802e+01 4.1389990637700627e+01 4.7119071569731659e+01
2.8173997665534318e+00 2.8726601360486055e+00 2.9406230530627830e+00 3.0240981865633878e+00 3.1236731942362672e+00 3.2373220005938759e+00 3.3699978516815801e+00 3.5307127812649850e+00 3.7256714274336891e+00 3.9623786261172862e+00 4.2500106076772841e+00 4.5997858347127041e+00 5.0254162792618766e+00 5.2466303674515622e+00 5.5293709727266735e+00 5.8800977221523736e+00 6.3063196438175142e+00 6.8167391481273700e+00 7.4214158404264410e+00 8.1317852077192061e+00 8.9496993846117388e+00 9.8828363067742817e+00 1.0961448026410178e+01 1.2213937020725490e+01 1.3663525133391056e+01 1.5336754032401846e+01 1.7263949392460560e+01 1.9479751140806250e+01 2.2023718815008245e+01 2.4941022386113374e+01 2.8283230396368445e+01 3.2109208968601990e+01 3.6486147189820983e+01 4.1490726585442353e+01 4.7210454919334161e+01
3.1624172245989368e+00 3.2135963941837371e+00 3.2766277489311655e+00 3.3541479459751757e+00 3.4493617637677816e+00 3.5629394993121544e+00 3.6925701604095953e+00 3.8439035429534170e+00 4.0272189972712589e+00 4.2495936882115934e+00 4.5195878186851308e+00 4.8476680257492077e+00 5.2466303674515622e+00 5.7321150608542659e+00 5.9844373633504651e+00 6.3069383447120657e+00 6.7069860165683766e+00 7.1931453635114408e+00 7.7753425717470988e+00 8.4650518778553945e+00 9.2753168833300172e+00 1.0208250179064976e+01 1.1272609409849483e+01 1.2502900820424319e+01 1.3931520984189842e+01 1.5584957314814782e+01 1.7493483900334791e+01 1.9691690961148385e+01 2.2219089661624807e+01 2.5120802596291682e+01 2.8448351759934656e+01 3.2260557517127125e+01 3.6624564034737794e+01 4.1617008860017641e+01 4.7325356852056160e+01
3.5598022116008035e+00 3.6071319059942675e+00 3.6655081424047040e+00 3.7374032766137351e+00 3.8258247454639989e+00 3.9344279991332836e+00 4.0639775950897894e+00 4.2118375580328546e+00 4.3844521859730632e+00 4.5935463620951218e+00 4.8471924770154029e+00 5.1551545115270843e+00 5.5293709727266735e+00 5.9844373633504651e+00 6.5381933047939063e+00 6.8259984118646235e+00 7.1938510691721751e+00 7.6501554144201780e+00 8.2046808825067181e+00 8.8687495288169682e+00 9.6554491535762903e+00 1.0579657613745169e+01 1.1643784583151220e+01 1.2857819249715249e+01 1.4261120296217106e+01 1.5890640061724614e+01 1.7776590750436696e+01 1.9953503741713678e+01 2.2460833503063618e+01 2.5343647453336466e+01 2.8653413548479261e+01 3.2448899059871053e+01 3.6797195961374278e+01 4.1774890563210619e+01 4.7469397561877365e+01
4.0166974320927400e+00 4.0603991265329293e+00 4.1143845555963807e+00 4.1809699458067620e+00 4.2629753277892188e+00 4.3638310589633722e+00 4.4877066369099063e+00 4.6354741349327648e+00 4.8041268939053570e+00 5.0010154407552827e+00 5.2395134694722598e+00 5.5288285499883889e+00 5.8800977221523736e+00 6.3069383447120657e+00 6.8259984118646235e+00 7.4576262404057649e+00 7.7859039187423233e+00 8.2054858279722556e+00 8.7259579370237841e+00 9.3584635068336137e+00 1.0115916755963291e+01 1.1013245955548255e+01 1.2067421160051131e+01 1.3281190903498045e+01 1.4665949102600504e+01 1.6266589251907163e+01 1.8125260110353388e+01 2.0276422471052950e+01 2.2759463685959211e+01 2.5619386504069134e+01 2.8907595946576627e+01 3.2682797646814564e+01 3.7012023019224614e+01 4.1971798841384668e+01 4.7649481367559375e+01
4.5412600073757821e+00 4.5815452026145778e+00 4.6313924445075925e+00 4.6929695704221723e+00 4.7689185260604994e+00 4.8624559086396371e+00 4.9774944693301251e+00 5.1187900409924287e+00 5.2873373321724522e+00 5.4797068725328808e+00 5.7042828562907735e+00 5.9763196521347659e+00 6.3063196438175142e+00 6.7069860165683766e+00 7.1938510691721751e+00 7.7859039187423233e+00 8.5063543625744380e+00 8.8807960644291626e+00 9.3593816476939455e+00 9.9530451074475828e+00 1.0674496724847454e+01 1.1538466779456929e+01 1.2561982829403096e+01 1.3764401341765138e+01 1.5148857362957312e+01 1.6728347078361047e+01 1.8554077126777322e+01 2.0674123433157213e+01 2.3127792837021982e+01 2.5960011533694125e+01 2.9222110780321412e+01 3.2972724425288717e+01 3.7278813577145989e+01 4.2216835937886415e+01 4.7874079857357337e+01
5.1428039222847461e+00 5.1798743501020494e+00 5.2258246478536368e+00 5.2826816543420554e+00 5.3529180588993563e+00 5.4395473306409095e+00 5.5462384005224905e+00 5.6774542500500447e+00 5.8386195007178889e+00 6.0308687418854490e+00 6.2502902342103761e+00 6.5064471985830581e+00 6.8167391481273700e+00 7.1931453635114408e+00 7.6501554144201780e+00 8.2054858279722556e+00 8.8807960644291626e+00 9.7025597970638184e+00 1.0129657334728623e+01 1.0675543979196355e+01 1.1352691317771161e+01 1.2175597013930302e+01 1.3161062791679054e+01 1.4328510708209507e+01 1.5700019232309879e+01 1.7279164276057703e+01 1.9080769612414034e+01 2.1163242809861917e+01 2.3581420466637756e+01 2.6380136943577320e+01 2.9610636178799272e+01 3.3331467883578973e+01 3.7609511286765525e+01 4.2521143897699723e+01 4.8153575276895396e+01
5.8319625380839675e+00 5.8660103322383126e+00 5.9082937861445606e+00 5.9607058410184095e+00 6.0255583597146760e+00 6.1056717533144385e+00 6.2044832597979429e+00 6.3261777532572374e+00 6.4758458216326904e+00 6.6596749234031787e+00 6.8789591994704011e+00 7.1292368224448648e+00 7.4214158404264410e+00 7.7753425717470988e+00 8.2046808825067181e+00 8.7259579370237841e+00 9.3593816476939455e+00 1.0129657334728623e+01 1.1066981529688805e+01 1.1554139626064808e+01 1.2176791538342270e+01 1.2949162669840280e+01 1.3887789416858620e+01 1.5011836244561373e+01 1.6343456435454303e+01 1.7907833241317729e+01 1.9709045436592781e+01 2.1764001386184354e+01 2.4139322218445759e+01 2.6897555924064669e+01 3.0089841692455298e+01 3.3774629636632085e+01 3.8018703016560011e+01 4.2898345947552322e+01 4.8500676520384800e+01
6.6208739669440524e+00 6.6520818259057810e+00 6.6909175885203860e+00 6.7391471499123714e+00 6.7989296460117465e+00 6.8729020452112417e+00 6.9642813786854418e+00 7.0769882457438236e+00 7.2157960180789562e+00 7.3865111471726808e+00 7.5961912023813012e+00 7.8463123130722696e+00 8.1317852077192061e+00 8.4650518778553945e+00 8.8687495288169682e+00 9.3584635068336137e+00 9.9530451074475828e+00 1.0675543979196355e+01 1.1554139626064808e+01 1.2623274964565267e+01 1.3178939631147701e+01 1.3889151921175060e+01 1.4770137684224936e+01 1.5840758746067541e+01 1.7122874573321315e+01 1.8641753752157442e+01 2.0426120927220186e+01 2.2480628450295864e+01 2.4824562423816566e+01 2.7533912567237191e+01 3.0680022677672905e+01 3.4321223389155122e+01 3.8524184357390034e+01 4.3365080233189744e+01 4.8930922579774482e+01
7.5233925046049608e+00 7.5519338643747522e+00 7.5875303261265366e+00 7.6318273649015289e+00 7.6868392046916441e+00 7.7550286097526362e+00 7.8394033719566600e+00 7.9436329172422537e+00 8.0721891788982418e+00 8.2305167836479729e+00 8.4252387147707726e+00 8.6644050117762443e+00 8.9496993846117388e+00 9.2753168833300172e+00 9.6554491535762903e+00 1.0115916755963291e+01 1.0674496724847454e+01 1.1352691317771161e+01 1.2176791538342270e+01 1.3178939631147701e+01 1.4398422045211541e+01 1.5032227013219000e+01 1.5842312852449728e+01 1.6847187171342593e+01 1.8068364238480434e+01 1.9530777506310340e+01 2.1263248954009658e+01 2.3298542627188397e+01 2.5641965114248556e+01 2.8315514624308133e+01 3.1405866925333846e+01 3.4994398530477454e+01 3.9147642814739228e+01 4.3941644849082252e+01 4.9463291338788466e+01
8.5553297743263954e+00 8.5813690026686320e+00 8.6139239889826626e+00 8.6545262004576671e+00 8.7050525069372320e+00 8.7678003825087547e+00 8.8455789174639143e+00 8.9418188741778533e+00 9.0607056913322914e+00 9.2073401674942623e+00 9.3879325796054882e+00 9.6100372674646124e+00 9.8828363067742817e+00 1.0208250179064976e+01 1.0579657613745169e+01 1.1013245955548255e+01 1.1538466779456929e+01 1.2175597013930302e+01 1.2949162669840280e+01 1.3889151921175060e+01 1.5032227013219000e+01 1.6423199048898592e+01 1.7146132792268691e+01 1.8070136890954270e+01 1.9216321584421593e+01 2.0609226583634673e+01 2.2277291605892323e+01 2.4253391718998945e+01 2.6574898409983515e+01 2.9247864505837985e+01 3.2297381712162426e+01 3.5822314570193633e+01 3.9915483159048620e+01 4.4652777104520645e+01 5.0120935309886228e+01
9.7347297545902300e+00 9.7584223723639827e+00 9.7881233652089925e+00 9.8252563939944153e+00 9.8715682883662890e+00 9.9291998528470309e+00 1.0000771643642629e+01 1.0089487779153126e+01 1.0199261472451417e+01 1.0334866739215123e+01 1.0502121677421350e+01 1.0708109883733844e+01 1.0961448026410178e+01 1.1272609409849483e+01 1.1643784583151220e+01 1.2067421160051131e+01 1.2561982829403096e+01 1.3161062791679054e+01 1.3887789416858620e+01 1.4770137684224936e+01 1.5842312852449728e+01 1.7146132792268691e+01 1.8732710164545043e+01 1.9557306410526110e+01 2.0611248515227658e+01 2.1918615343933372e+01 2.3507397502592916e+01 2.5410034041584598e+01 2.7664023082619423e+01 3.0311991475244035e+01 3.3360843224785199e+01 3.6839198556032308e+01 4.0859824828805174e+01 4.5528594938778504e+01 5.0932070484593858e+01
1.1082182454052747e+01 1.1103675385042669e+01 1.1130699775386693e+01 1.1164577468088842e+01 1.1206932326219583e+01 1.1259756827210911e+01 1.1325492826058190e+01 1.1407129394484322e+01 1.1508321229795367e+01 1.1633531840354607e+01 1.1788206587430798e+01 1.1978981738586032e+01 1.2213937020725490e+01 1.2502900820424319e+01 1.2857819249715249e+01 1.3281190903498045e+01 1.3764401341765138e+01 1.4328510708209507e+01 1.5011836244561373e+01 1.5840758746067541e+01 1.6847187171342593e+01 1.8070136890954270e+01 1.9557306410526110e+01 2.1366996104963054e+01 2.2307551135243290e+01 2.3509703768162197e+01 2.5000918957600394e+01 2.6813123486337773e+01 2.8983318143741904e+01 3.1554274222033960e+01 3.4574612968232110e+01 3.8052209262886471e+01 4.2019708047718041e+01 4.6605734583934208e+01 5.1931050135101863e+01
1.2621181670129554e+01 1.2640613517760359e+01 1.2665128890534080e+01 1.2695953583712361e+01 1.2734595324371007e+01 1.2782906331201117e+01 1.2843159273621835e+01 1.2918139392301303e+01 1.3011256096945843e+01 1.3126678026391879e+01 1.3269496369526390e+01 1.3445922241131893e+01 1.3663525133391056e+01 1.3931520984189842e+01 1.4261120296217106e+01 1.4665949102600504e+01 1.5148857362957312e+01 1.5700019232309879e+01 1.6343456435454303e+01 1.7122874573321315e+01 1.8068364238480434e+01 1.9216321584421593e+01 2.0611248515227658e+01 2.2307551135243290e+01 2.4371728305154949e+01 2.5444548814946327e+01 2.6815754070327117e+01 2.8516671282225992e+01 3.0583716934820085e+01 3.3059095050664212e+01 3.5991591631691186e+01 3.9436665284078643e+01 4.3403298292854402e+01 4.7928726292183121e+01 5.3159662460834824e+01
1.4378533034027619e+01 1.4396034381405208e+01 1.4418198831129386e+01 1.4446161676332597e+01 1.4481321089641815e+01 1.4525396822138065e+01 1.4580501560624841e+01 1.4649227568485291e+01 1.4734751760644421e+01 1.4840962994788885e+01 1.4972616124274044e+01 1.5135518286036417e+01 1.5336754032401846e+01 1.5584957314814782e+01 1.5890640061724614e+01 1.6266589251907163e+01 1.6728347078361047e+01 1.7279164276057703e+01 1.7907833241317729e+01 1.8641753752157442e+01 1.9530777506310340e+01 2.0609226583634673e+01 2.1918615343933372e+01 2.3509703768162197e+01 2.5444548814946327e+01 2.7799000742192444e+01 2.9022686554479368e+01 3.0586717444482613e+01 3.2526826009782170e+01 3.4884549799869511e+01 3.7708027774757447e+01 4.1052906464185590e+01 4.4982443336602230e+01 4.9506883810183218e+01 5.4668699777312170e+01
1.6384819418386929e+01 1.6400513147031454e+01 1.6420475620051310e+01 1.6445756943830158e+01 1.6477652062010737e+01 1.6517755765139221e+01 1.6568029644161449e+01 1.6630883482301773e+01 1.6709274079784205e+01 1.6806825104953159e+01 1.6927972285811343e+01 1.7078139126605137e+01 1.7263949392460560e+01 1.7493483900334791e+01 1.7776590750436696e+01 1.8125260110353388e+01 1.8554077126777322e+01 1.9080769612414034e+01 1.9709045436592781e+01 2.0426120927220186e+01 2.1263248954009658e+01 2.2277291605892323e+01 2.3507397502592916e+01 2.5000918957600394e+01 2.6815754070327117e+01 2.9022686554479368e+01 3.1708233104706068e+01 3.3103999641163782e+01 3.4887972255974844e+01 3.7100908440532947e+01 3.9790186959063767e+01 4.3010716309166199e+01 4.6825968309587083e+01 5.1308096005458268e+01 5.6468785576106420e+01
1.8674931779205792e+01 1.8688933401415234e+01 1.8706834059455339e+01 1.8729603753723495e+01 1.8758440261733604e+01 1.8794820628479556e+01 1.8840563911806640e+01 1.8897907551238077e+01 1.8969600205580651e+01 1.9059014474864707e+01 1.9170283605519664e+01 1.9308467099460831e+01 1.9479751140806250e+01 1.9691690961148385e+01 1.9953503741713678e+01 2.0276422471052950e+01 2.0674123433157213e+01 2.1163242809861917e+01 2.1764001386184354e+01 2.2480628450295864e+01 2.3298542627188397e+01 2.4253391718998945e+01 2.5410034041584598e+01 2.6813123486337773e+01 2.8516671282225992e+01 3.0586717444482613e+01 3.3103999641163782e+01 3.6167200970515289e+01 3.7759247069876587e+01 3.9794090697798303e+01 4.2318220864797723e+01 4.5385678970211927e+01 4.9059095014933462e+01 5.3410866537387129e+01 5.8523293099182098e+01
2.1288674638768342e+01 2.1301092638585221e+01 2.1317063237851656e+01 2.1337481174565539e+01 2.1363452855356275e+01 2.1396344495109442e+01 2.1437840848158729e+01 2.1490016777220394e+01 2.1555424361580233e+01 2.1637198789980427e+01 2.1739186934073775e+01 2.1866103277754089e+01 2.2023718815008245e+01 2.2219089661624807e+01 2.2460833503063618e+01 2.2759463685959211e+01 2.3127792837021982e+01 2.3581420466637756e+01 2.4139322218445759e+01 2.4824562423816566e+01 2.5641965114248556e+01 2.6574898409983515e+01 2.7664023082619423e+01 2.8983318143741904e+01 3.0583716934820085e+01 3.2526826009782170e+01 3.4887972255974844e+01 3.7759247069876587e+01 4.1253210852909419e+01 4.3069138313761194e+01 4.5390131671908748e+01 4.8269217451433278e+01 5.1768036619338474e+01 5.5958026515623189e+01 6.0921765577040254e+01
2.4271456710649602e+01 2.4282392888740684e+01 2.4296557168836198e+01 2.4314773632408336e+01 2.4338062839917811e+01 2.4367686786342034e+01 2.4405203810430837e+01 2.4452535584967784e+01 2.4512048750080616e+01 2.4586654271010360e+01 2.4679928222177317e+01 2.4796258441267529e+01 2.4941022386113374e+01 2.5120802596291682e+01 2.5343647453336466e+01 2.5619386504069134e+01 2.5960011533694125e+01 2.6380136943577320e+01 2.6897555924064669e+01 2.7533912567237191e+01 2.8315514624308133e+01 2.9247864505837985e+01 3.0311991475244035e+01 3.1554274222033960e+01 3.3059095050664212e+01 3.4884549799869511e+01 3.7100908440532947e+01 3.9794090697798303e+01 4.3069138313761194e+01 4.7054440487722289e+01 4.9125732609475868e+01 5.1773115481872338e+01 5.5057072479903923e+01 5.9047912826865335e+01 6.3827119733252893e+01
2.7675078644070808e+01 2.7684628462345334e+01 2.7697102539647698e+01 2.7713258670553049e+01 2.7734036822927862e+01 2.7760601073469914e+01 2.7794390885104217e+01 2.7837183737848637e+01 2.7891171539575591e+01 2.7959053739000566e+01 2.8044150655629942e+01 2.8150541249077065e+01 2.8283230396368445e+01 2.8448351759934656e+01 2.8653413548479261e+01 2.8907595946576627e+01 2.9222110780321412e+01 2.9610636178799272e+01 3.0089841692455298e+01 3.0680022677672905e+01 3.1405866925333846e+01 3.2297381712162426e+01 3.3360843224785199e+01 3.4574612968232110e+01 3.5991591631691186e+01 3.7708027774757447e+01 3.9790186959063767e+01 4.2318220864797723e+01 4.5390131671908748e+01 4.9125732609475868e+01 5.3671467598174743e+01 5.6034035016823758e+01 5.9053705904056272e+01 6.2799469104867065e+01 6.7351521071722701e+01
3.1558631548578635e+01 3.1566884470972578e+01 3.1577777231714755e+01 3.1592005475187879e+01 3.1610433560771529e+01 3.1634133639241821e+01 3.1664433485493515e+01 3.1702974986815846e+01 3.1751785581218829e+01 3.1813365413452534e+01 3.1890793542002509e+01 3.1987857206052873e+01 3.2109208968601990e+01 3.2260557517127125e+01 3.2448899059871053e+01 3.2682797646814564e+01 3.2972724425288717e+01 3.3331467883578973e+01 3.3774629636632085e+01 3.4321223389155122e+01 3.4994398530477454e+01 3.5822314570193633e+01 3.6839198556032308e+01 3.8052209262886471e+01 3.9436665284078643e+01 4.1052906464185590e+01 4.3010716309166199e+01 4.5385678970211927e+01 4.8269217451433278e+01 5.1773115481872338e+01 5.6034035016823758e+01 6.1219013642156696e+01 6.3913816924146843e+01 6.7358128799952482e+01 7.1630639665642377e+01
3.5989521880472964e+01 3.5996561706949400e+01 3.6005975195926538e+01 3.6018399750318615e+01 3.6034628839446682e+01 3.6055648373162263e+01 3.6082681273362709e+01 3.6117242033186251e+01 3.6161203430197155e+01 3.6216878010721189e+01 3.6287117502173544e+01 3.6375433955404802e+01 3.6486147189820983e+01 3.6624564034737794e+01 3.6797195961374278e+01 3.7012023019224614e+01 3.7278813577145989e+01 3.7609511286765525e+01 3.8018703016560011e+01 3.8524184357390034e+01 3.9147642814739228e+01 3.9915483159048620e+01 4.0859824828805174e+01 4.2019708047718041e+01 4.3403298292854402e+01 4.4982443336602230e+01 4.6825968309587083e+01 4.9059095014933462e+01 5.1768036619338474e+01 5.5057072479903923e+01 5.9053705904056272e+01 6.3913816924146843e+01 6.9827932773837958e+01 7.2901692562152249e+01 7.6830360533213252e+01
4.1044640462944088e+01 4.1050545654359915e+01 4.1058575455898527e+01 4.1069312716046255e+01 4.1083484472453598e+01 4.1101995776004486e+01 4.1125971180048204e+01 4.1156805579780816e+01 4.1196226443822795e+01 4.1246369908940750e+01 4.1309873723111437e+01 4.1389990637700627e+01 4.1490726585442353e+01 4.1617008860017641e+01 4.1774890563210619e+01 4.1971798841384668e+01 4.2216835937886415e+01 4.2521143897699723e+01 4.2898345947552322e+01 4.3365080233189744e+01 4.3941644849082252e+01 4.4652777104520645e+01 4.5528594938778504e+01 4.6605734583934208e+01 4.7928726292183121e+01 4.9506883810183218e+01 5.1308096005458268e+01 5.3410866537387129e+01 5.5958026515623189e+01 5.9047912826865335e+01 6.2799469104867065e+01 6.7358128799952482e+01 7.2901692562152249e+01 7.9647480502854066e+01 8.3153487527337305e+01
4.6811695910509897e+01 4.6816539902550439e+01 4.6823275511059450e+01 4.6832434502827965e+01 4.6844681689366340e+01 4.6860846347939308e+01 4.6881960802142423e+01 4.6909307745554095e+01 4.6944478230401110e+01 4.6989442650447145e+01 4.7046637536528948e+01 4.7119071569731659e+01 4.7210454919334161e+01 4.7325356852056160e+01 4.7469397561877365e+01 4.7649481367559375e+01 4.7874079857357337e+01 4.8153575276895396e+01 4.8500676520384800e+01 4.8930922579774482e+01 4.9463291338788466e+01 5.0120935309886228e+01 5.0932070484593858e+01 5.1931050135101863e+01 5.3159662460834824e+01 5.4668699777312170e+01 5.6468785576106420e+01 5.8523293099182098e+01 6.0921765577040254e+01 6.3827119733252893e+01 6.7351521071722701e+01 7.1630639665642377e+01 7.6830360533213252e+01 8.3153487527337305e+01 9.0847901383517467e+01
