tried 2347
good 30
best 343
seconds 1.1
((4, 0, 0, 2, 4), (1, 4, 0, 3, 4), (0, 2, 2, 2, 6)) res=0 ext=0 total=343
((3, 0, 1, 1, 5), (6, 0, 6, 3, 0), (6, 5, 5, 5, 0)) res=0 ext=0 total=343
((3, 0, 6, 2, 3), (0, 3, 6, 1, 3), (2, 1, 3, 1, 4)) res=0 ext=0 total=343
((3, 4, 3, 6, 2), (0, 5, 6, 4, 4), (5, 2, 0, 0, 3)) res=0 ext=0 total=343
((6, 2, 3, 3, 0), (4, 2, 2, 0, 2), (3, 2, 1, 5, 2)) res=0 ext=0 total=343
((2, 6, 3, 5, 1), (6, 5, 6, 0, 0), (6, 0, 1, 0, 4)) res=0 ext=0 total=343
((4, 1, 3, 4, 0), (2, 4, 4, 6, 5), (1, 1, 6, 0, 5)) res=0 ext=0 total=343
((3, 3, 2, 0, 4), (3, 5, 3, 4, 1), (1, 5, 3, 5, 2)) res=0 ext=0 total=343
((3, 2, 0, 5, 5), (3, 3, 5, 2, 5), (0, 5, 6, 0, 1)) res=0 ext=0 total=343
((6, 1, 6, 1, 4), (0, 6, 4, 3, 0), (4, 5, 4, 1, 1)) res=0 ext=0 total=343
((1, 6, 6, 2, 3), (2, 4, 3, 2, 5), (3, 0, 2, 3, 2)) res=0 ext=0 total=343
((5, 6, 3, 4, 4), (5, 5, 4, 2, 0), (2, 2, 2, 1, 1)) res=0 ext=0 total=343
((6, 5, 1, 2, 4), (1, 5, 6, 6, 0), (4, 6, 5, 4, 1)) res=0 ext=0 total=343
((4, 0, 1, 2, 6), (5, 5, 6, 2, 4), (5, 5, 5, 3, 6)) res=0 ext=0 total=343
((5, 6, 6, 1, 1), (6, 1, 0, 6, 2), (5, 2, 2, 3, 0)) res=0 ext=0 total=343
((2, 0, 2, 1, 1), (5, 6, 2, 3, 6), (2, 5, 6, 4, 5)) res=0 ext=0 total=343
((5, 1, 0, 3, 3), (0, 4, 5, 3, 3), (4, 3, 5, 5, 6)) res=0 ext=0 total=343
((2, 1, 2, 2, 1), (6, 5, 5, 1, 5), (1, 1, 0, 1, 5)) res=0 ext=0 total=343
((1, 2, 5, 0, 0), (5, 1, 1, 0, 3), (6, 0, 2, 5, 6)) res=0 ext=0 total=343
((4, 0, 6, 2, 2), (0, 5, 6, 4, 0), (4, 3, 2, 2, 0)) res=0 ext=0 total=343
((1, 3, 6, 3, 5), (2, 4, 6, 3, 0), (2, 6, 0, 2, 0)) res=0 ext=0 total=343
((1, 5, 1, 1, 5), (1, 6, 1, 3, 4), (0, 0, 5, 5, 6)) res=0 ext=0 total=343
((3, 6, 1, 0, 0), (4, 2, 5, 6, 3), (1, 3, 2, 0, 4)) res=0 ext=0 total=343
((3, 0, 1, 6, 0), (5, 2, 3, 2, 2), (0, 0, 6, 5, 1)) res=0 ext=0 total=343
((2, 2, 6, 2, 5), (3, 4, 4, 1, 0), (4, 1, 3, 2, 4)) res=0 ext=0 total=343
((0, 4, 1, 4, 0), (5, 2, 2, 4, 6), (2, 3, 3, 5, 4)) res=0 ext=0 total=343
((4, 5, 4, 3, 3), (4, 4, 0, 1, 4), (3, 5, 2, 2, 3)) res=0 ext=0 total=343
((0, 6, 6, 5, 0), (4, 3, 1, 6, 5), (4, 5, 5, 5, 2)) res=0 ext=0 total=343
((6, 4, 4, 0, 3), (3, 5, 2, 1, 3), (1, 2, 5, 5, 5)) res=0 ext=0 total=343
((5, 5, 4, 4, 1), (6, 5, 6, 6, 4), (1, 4, 5, 6, 4)) res=0 ext=0 total=343
