00063
00155
00250
00334
00342
00436
00521
00601
01005
01100
01262
01354
01456
01541
01613
02020
02112
02204
02306
02461
02533
02553
02625
03032
03040
03124
03226
03311
03403
03565
03645
04026
04111
04203
04365
04460
04552
04624
04660
05031
05046
05123
05215
05310
05402
05564
05644
06051
06143
06230
06322
06414
06516
06666
10021
10113
10205
10300
10462
10534
10554
10636
11033
11041
11125
11220
11312
11404
11506
11656
12053
12145
12232
12240
12324
12426
12511
12661
13065
13160
13252
13344
13431
13446
13603
14052
14144
14231
14246
14323
14415
14510
15064
15166
15251
15343
15430
15522
15602
16016
16101
16263
16355
16450
16542
16614
20054
20156
20233
20241
20325
20420
20512
20662
21006
21161
21253
21345
21432
21440
21604
22011
22103
22265
22360
22452
22524
22544
22626
23023
23115
23210
23302
23464
23566
23631
24010
24102
24264
24366
24451
24543
24615
25022
25114
25216
25301
25463
25535
25555
25630
26034
26042
26136
26221
26313
26405
26500
26650
30012
30104
30206
30361
30453
30545
30620
31024
31126
31211
31303
31465
31560
31632
32044
32046
32131
32223
32315
32410
32502
32652
33066
33151
33235
33243
33330
33422
33664
34035
34043
34130
34222
34314
34416
34501
35055
35150
35234
35242
35336
35421
35513
35663
36000
36162
36254
36356
36433
36441
36605
40045
40132
40140
40224
40326
40411
40503
40653
41060
41152
41244
41331
41423
41515
41665
42002
42164
42266
42351
42435
42443
42530
42610
43014
43116
43201
43363
43455
43514
43550
43622
44001
44163
44255
44350
44434
44442
44536
44616
45013
45105
45200
45362
45454
45556
45621
45641
46025
46120
46212
46304
46406
46561
46633
50003
50165
50260
50352
50444
50446
50531
50611
51015
51110
51202
51364
51551
51623
52030
52122
52214
52401
52563
52635
52643
53050
53134
53142
53320
53655
54036
54121
54213
54305
54400
54562
54634
55056
55133
55141
55225
55320
55412
55504
55654
56061
56153
56245
56332
56424
56526
56606
60030
60122
60214
60316
60401
60563
60643
60645
61050
61134
61142
61236
61321
61413
61505
62062
62154
62256
62333
62341
62425
62520
62600
63004
63106
63261
63353
63445
63540
63612
64154
64332
64340
64424
64526
64532
65003
65260
65352
65444
65546
65611
66025
66110
66202
66364
66466
66551
66623
