36 9.1169999999999995e-01
1.0660504989847923e+00 1.2115276586285884e+00 1.3768571648527583e+00 1.5647481416580200e+00 1.7782794100389228e+00 2.0209499381910776e+00 2.2967361763386362e+00 2.6101572156825368e+00 2.9663488391777308e+00 3.3711476775509626e+00 3.8311868495572878e+00 4.3540046536566495e+00 4.9481680921551430e+00 5.6234132519034912e+00 6.3908048418603123e+00 7.2629175017362124e+00 8.2540418526801851e+00 9.3804186663981426e+00 1.0660504989847924e+01 1.2115276586285885e+01 1.3768571648527583e+01 1.5647481416580201e+01 1.7782794100389228e+01 2.0209499381910778e+01 2.2967361763386361e+01 2.6101572156825370e+01 2.9663488391777307e+01 3.3711476775509624e+01 3.8311868495572874e+01 4.3540046536566493e+01 4.9481680921551430e+01 5.6234132519034908e+01 6.3908048418603123e+01 7.2629175017362130e+01 8.2540418526801844e+01 9.3804186663981426e+01
1.0351346916981978e+00 1.0791164048594299e+00 1.1350364600768370e+00 1.2041091368245320e+00 1.2877402944637708e+00 1.3875528589455730e+00 1.5054157240717547e+00 1.6434764989418644e+00 1.8026991588760475e+00 1.9836659888582060e+00 2.1911492569010620e+00 2.4312855725591405e+00 2.7083150861017335e+00 3.0270474578352475e+00 3.3929584253746135e+00 3.8122803092887616e+00 4.2921049759965904e+00 4.8405009214719428e+00 5.4666463723930532e+00 6.1809805668190521e+00 6.9953756779786138e+00 7.9233321867405708e+00 8.9802008960545443e+00 1.0183435220246844e+01 1.1552877880643893e+01 1.3111086704732001e+01 1.4883704868260510e+01 1.6899881648948295e+01 1.9192750588790854e+01 2.1799972903039151e+01 2.4764355043222974e+01 2.8134550536703284e+01 3.1965857606118423e+01 3.6321125641403171e+01 4.1271785380550355e+01 4.6899019682195906e+01
1.0791164048594299e+00 1.1763929669303907e+00 1.2263765859235298e+00 1.2899276969003965e+00 1.3684262843641581e+00 1.4634700563989296e+00 1.5769034093812802e+00 1.7108502732133068e+00 1.8677513276062461e+00 2.0487020954867350e+00 2.2543643225824610e+00 2.4901615180961372e+00 2.7630677158212769e+00 3.0779016924789460e+00 3.4401294522550327e+00 3.8559739719955686e+00 4.3325180575844104e+00 4.8778213575334988e+00 5.5010534243594833e+00 6.2126449792040317e+00 7.0244598368260958e+00 7.9499902907411011e+00 9.0045791469352121e+00 1.0205672035210519e+01 1.1573104126803248e+01 1.3129425953543100e+01 1.4900273666760860e+01 1.6914789803986402e+01 1.9206101460248604e+01 2.1811863702164032e+01 2.4774877132497327e+01 2.8143789728098994e+01 3.1973894455056275e+01 3.6328035734213351e+01 4.1277639613685608e+01 4.6903884531865010e+01
1.1350364600768370e+00 1.2263765859235298e+00 1.3369278643080924e+00 1.3937324312082626e+00 1.4659559597919185e+00 1.5551667523070853e+00 1.6631805459408511e+00 1.7920934301615992e+00 1.9443191741330137e+00 2.1226315216681995e+00 2.3282754947689721e+00 2.5620031434112343e+00 2.8299780887481782e+00 3.1401260667942781e+00 3.4979234422094505e+00 3.9095821301512697e+00 4.3821743177020096e+00 4.9237493564047377e+00 5.5434667439571133e+00 6.2517473436313251e+00 7.0604452910190787e+00 7.9830433805386543e+00 9.0348751135465459e+00 1.0233377031586432e+01 1.1598375459065608e+01 1.3152412347410582e+01 1.4921115556703482e+01 1.6933619641477712e+01 1.9223044036782259e+01 2.1827036482490353e+01 2.4788390593667046e+01 2.8155747700253762e+01 3.1984394460384280e+01 3.6337169321023445e+01 4.1285492683095725e+01 4.6910537655117778e+01
1.2041091368245320e+00 1.2899276969003965e+00 1.3937324312082626e+00 1.5193699423648115e+00 1.5839262687316320e+00 1.6660056848251277e+00 1.7673905091680906e+00 1.8901442611013508e+00 2.0366490701472206e+00 2.2096480972592691e+00 2.4122936015009517e+00 2.6460005051411835e+00 2.9116234856528833e+00 3.2161672745300209e+00 3.5686391827824107e+00 3.9752628998699269e+00 4.4430980416678238e+00 4.9801818918369882e+00 5.5956622459440810e+00 6.2999485403248361e+00 7.1048837074604707e+00 8.0239395417473673e+00 9.0724387491632488e+00 1.0267807296878248e+01 1.1629861180824181e+01 1.3181132298327913e+01 1.4947238758155105e+01 1.6957305692136313e+01 1.9244443462935084e+01 2.1846291105135808e+01 2.4805633907225957e+01 2.8171105257880260e+01 3.1997984261261831e+01 3.6349102195575583e+01 4.1295872672649182e+01 4.6919462383171982e+01
1.2877402944637708e+00 1.3684262843641581e+00 1.4659559597919185e+00 1.5839262687316320e+00 1.7267087352961810e+00 1.8000746546474111e+00 1.8933549287958249e+00 2.0085750979845010e+00 2.1480802769691776e+00 2.3145776694005877e+00 2.5111847780335097e+00 2.7414840307605961e+00 3.0070834353312290e+00 3.3089543016398593e+00 3.6550572525221714e+00 4.0556287696726550e+00 4.5177418500333255e+00 5.0494194905450485e+00 5.6597957720648582e+00 6.3592668318817891e+00 7.1596626161789585e+00 8.0744421874247276e+00 9.1189157504716043e+00 1.0310497003933985e+01 1.1668989926352351e+01 1.3216914677116463e+01 1.4979877938873036e+01 1.6986993761435759e+01 1.9271361798908753e+01 2.1870610775439999e+01 2.4827516086272489e+01 2.8190701657228065e+01 3.2015437567508769e+01 3.6364546510506337e+01 4.1309433951013226e+01 4.6931258864156952e+01
1.3875528589455730e+00 1.4634700563989296e+00 1.5551667523070853e+00 1.6660056848251277e+00 1.8000746546474111e+00 1.9623417400949557e+00 2.0457194417886142e+00 2.1517290841487862e+00 2.2826726200665326e+00 2.4412151872552550e+00 2.6304334243015175e+00 2.8538702598159844e+00 3.1155969929361018e+00 3.4174410660443089e+00 3.7605063375444501e+00 4.1538397660510809e+00 4.6090747410816109e+00 5.1342494666730998e+00 5.7384817873443641e+00 6.4321522541152518e+00 7.2270756992855105e+00 8.1366964268675481e+00 9.1763101723402780e+00 1.0363316427243493e+01 1.1717505227349847e+01 1.3261383074720481e+01 1.5020543312263072e+01 1.7024087004422285e+01 1.9305101210992717e+01 2.1901202486233636e+01 2.4855154507951678e+01 2.8215569958655792e+01 3.2037708163359532e+01 3.6384381558914285e+01 4.1326985853784244e+01 4.6946670764287425e+01
1.5054157240717547e+00 1.5769034093812802e+00 1.6631805459408511e+00 1.7673905091680906e+00 1.8933549287958249e+00 2.0457194417886142e+00 2.2301300886500561e+00 2.3248858172116464e+00 2.4453619240405269e+00 2.5941744949591201e+00 2.7743523621446204e+00 2.9893920135652596e+00 3.2433198588596546e+00 3.5407627815725013e+00 3.8837976035738548e+00 4.2736788198325195e+00 4.7206879701052324e+00 5.2380459788954425e+00 5.8348879730342631e+00 6.5215760515330832e+00 7.3099073334630233e+00 8.2133089464571878e+00 9.2470598535455206e+00 1.0428543102350453e+01 1.1777532582820550e+01 1.3316518951567902e+01 1.5071080030442435e+01 1.7070301723760071e+01 1.9347256333915318e+01 2.1939546102192278e+01 2.4889920875761231e+01 2.8246980020690440e+01 3.2065970084376872e+01 3.6409691281927437e+01 4.1349527665620883e+01 4.6966617864062620e+01
1.6434764989418644e+00 1.7108502732133068e+00 1.7920934301615992e+00 1.8901442611013508e+00 2.0085750979845010e+00 2.1517290841487862e+00 2.3248858172116464e+00 2.5344618170643645e+00 2.6421482597565200e+00 2.7790649778351475e+00 2.9481850577855773e+00 3.1529506573287716e+00 3.3973354080005791e+00 3.6859151780612747e+00 4.0239482525480019e+00 4.4137948640576345e+00 4.8568807005418817e+00 5.3648903583687764e+00 5.9528489378725178e+00 6.6311381787844885e+00 7.4115342301386260e+00 8.3074440891272836e+00 9.3341271984494085e+00 1.0508947544448585e+01 1.1851660329158756e+01 1.3384737860049576e+01 1.5133739951193846e+01 1.7127734867789290e+01 1.9399777683294925e+01 2.1987453867745838e+01 2.4933497002136072e+01 2.8286490734518196e+01 3.2101666478638172e+01 3.6441809928305908e+01 4.1378291246231612e+01 4.6992235814189463e+01
1.8026991588760475e+00 1.8677513276062461e+00 1.9443191741330137e+00 2.0366490701472206e+00 2.1480802769691776e+00 2.2826726200665326e+00 2.4453619240405269e+00 2.6421482597565200e+00 2.8803237689355936e+00 3.0027054984175567e+00 3.1583063738346944e+00 3.3505051999546067e+00 3.5832138639611366e+00 3.8609482537183801e+00 4.1889086772463076e+00 4.5730709844371322e+00 5.0161174938814215e+00 5.5196684481358949e+00 6.0970029664292049e+00 6.7651965293749683e+00 7.5360476069717768e+00 8.4229393647266431e+00 9.4411083678240111e+00 1.0607896418460529e+01 1.1943037056219298e+01 1.3468981350434005e+01 1.5211268262043761e+01 1.7198945591061875e+01 1.9465048364730432e+01 2.2047142473025314e+01 2.4987942437025421e+01 2.8336013418865036e+01 3.2146568969336386e+01 3.6482377583404855e+01 4.1414792920854239e+01 4.7024924578468720e+01
1.9836659888582060e+00 2.0487020954867350e+00 2.1226315216681995e+00 2.2096480972592691e+00 2.3145776694005877e+00 2.4412151872552550e+00 2.5941744949591201e+00 2.7790649778351475e+00 3.0027054984175567e+00 3.2733833108224935e+00 3.4124656998081915e+00 3.5893004411775804e+00 3.8077274237848484e+00 4.0721923652814329e+00 4.3878274081463520e+00 4.7605425134983150e+00 5.1971290176155991e+00 5.7006352781180532e+00 6.2729026418021228e+00 6.9290223451927737e+00 7.6884000515934572e+00 8.5644442934765124e+00 9.5723645521818863e+00 1.0729476630442221e+01 1.2055488856363651e+01 1.3572827680691557e+01 1.5307007927995180e+01 1.7287053699459065e+01 1.9545976764386776e+01 2.2121320230957004e+01 2.5055776368222784e+01 2.8397888677417349e+01 3.2202849700758456e+01 3.6533407632613596e+01 4.1460896586904660e+01 4.7066407405439563e+01
2.1911492569010620e+00 2.2543643225824610e+00 2.3282754947689721e+00 2.4122936015009517e+00 2.5111847780335097e+00 2.6304334243015175e+00 2.7743523621446204e+00 2.9481850577855773e+00 3.1583063738346944e+00 3.4124656998081915e+00 3.7200811989031735e+00 3.8781432806195455e+00 4.0791095391405721e+00 4.3273438686319992e+00 4.6278986656756933e+00 4.9866064237297749e+00 5.4101835988754088e+00 5.9063482980390640e+00 6.4785648688978483e+00 7.1289259351831387e+00 7.8745821388863924e+00 8.7375873112740958e+00 9.7331797623206153e+00 1.0878644514953374e+01 1.2193660349832319e+01 1.3700625065775283e+01 1.5425025509220379e+01 1.7395858351244758e+01 1.9646108428294156e+01 2.2213292416745180e+01 2.5140076694966101e+01 2.8474979475571260e+01 3.2273168683951383e+01 3.6597368638992393e+01 4.1518890383724262e+01 4.7118802546793049e+01
2.4312855725591405e+00 2.4901615180961372e+00 2.5620031434112343e+00 2.6460005051411835e+00 2.7414840307605961e+00 2.8538702598159844e+00 2.9893920135652596e+00 3.1529506573287716e+00 3.3505051999546067e+00 3.5893004411775804e+00 3.8781432806195455e+00 4.2277371185581032e+00 4.4073689314620514e+00 4.6357597824406787e+00 4.9178690786573078e+00 5.2594386852554020e+00 5.6670970191345464e+00 6.1484770885978621e+00 6.7123502417405598e+00 7.3626535838254012e+00 8.1017653056905115e+00 8.9491764888143717e+00 9.9299505111359458e+00 1.1061405158278225e+01 1.2363184230770866e+01 1.3857651947832675e+01 1.5570262594027138e+01 1.7529981044301923e+01 1.9769760961782346e+01 2.2327088414630662e+01 2.5244599742432445e+01 2.8570783733979489e+01 3.2360779575065976e+01 3.6677283608448342e+01 4.1591579743539235e+01 4.7184710389754287e+01
2.7083150861017335e+00 2.7630677158212769e+00 2.8299780887481782e+00 2.9116234856528833e+00 3.0070834353312290e+00 3.1155969929361018e+00 3.2433198588596546e+00 3.3973354080005791e+00 3.5832138639611366e+00 3.8077274237848484e+00 4.0791095391405721e+00 4.4073689314620514e+00 4.8046696262715614e+00 5.0088146549638966e+00 5.2683725588360231e+00 5.5889795239358699e+00 5.9771609713762697e+00 6.4404498561292582e+00 6.9875208147965528e+00 7.6283421657935824e+00 8.3673882862022104e+00 9.2073619035017007e+00 1.0170413923610909e+01 1.1285027964914358e+01 1.2570885061554838e+01 1.4050309679104034e+01 1.5748717940131202e+01 1.7695037714196587e+01 1.9922186529279621e+01 2.2467615026196537e+01 2.5373924759409402e+01 2.8689570379724898e+01 3.2469657633831957e+01 3.6776850202979759e+01 4.1682400202726249e+01 4.7267319206116838e+01
3.0270474578352475e+00 3.0779016924789460e+00 3.1401260667942781e+00 3.2161672745300209e+00 3.3089543016398593e+00 3.4174410660443089e+00 3.5407627815725013e+00 3.6859151780612747e+00 3.8609482537183801e+00 4.0721923652814329e+00 4.3273438686319992e+00 4.6357597824406787e+00 5.0088146549638966e+00 5.4603324592447082e+00 5.6923358670268192e+00 5.9873139941007292e+00 6.3516721611269018e+00 6.7928262721079360e+00 7.3193372566700710e+00 7.9410635241302572e+00 8.6693337061825950e+00 9.5092327698103301e+00 1.0463832266593789e+01 1.1558305896287276e+01 1.2825024256272005e+01 1.4286354126768149e+01 1.5967666451769405e+01 1.7897845731116146e+01 2.0109767437509529e+01 2.2640841145485414e+01 2.5533628147614319e+01 2.8836543562673928e+01 3.2604654340773450e+01 3.6900586160833903e+01 4.1795554019796960e+01 4.7370533358147348e+01
3.3929584253746135e+00 3.4401294522550327e+00 3.4979234422094505e+00 3.5686391827824107e+00 3.6550572525221714e+00 3.7605063375444501e+00 3.8837976035738548e+00 4.0239482525480019e+00 4.1889086772463076e+00 4.3878274081463520e+00 4.6278986656756933e+00 4.9178690786573078e+00 5.2683725588360231e+00 5.6923358670268192e+00 6.2054694463182223e+00 6.4691328897402620e+00 6.8043648135382728e+00 7.2184446319144184e+00 7.7198002503210592e+00 8.3181608542289016e+00 9.0247301676350169e+00 9.8523827688496155e+00 1.0806897538093930e+01 1.1891765182138425e+01 1.3135594696102379e+01 1.4575174087768737e+01 1.6235922390191760e+01 1.8146672759402197e+01 2.0340251379990345e+01 2.2854020032196338e+01 2.5730493338255126e+01 2.9018040660767511e+01 3.2771684023128081e+01 3.7054005013354626e+01 4.1936175440123634e+01 4.7499128559961072e+01
3.8122803092887616e+00 3.8559739719955686e+00 3.9095821301512697e+00 3.9752628998699269e+00 4.0556287696726550e+00 4.1538397660510809e+00 4.2736788198325195e+00 4.4137948640576345e+00 4.5730709844371322e+00 4.7605425134983150e+00 4.9866064237297749e+00 5.2594386852554020e+00 5.5889795239358699e+00 5.9873139941007292e+00 6.4691328897402620e+00 7.0522905586074005e+00 7.3519344822106962e+00 7.7329133834197235e+00 8.2035000519878132e+00 8.7732724962453066e+00 9.4532875819831883e+00 1.0256277934452347e+01 1.1196875044122372e+01 1.2281646398397090e+01 1.3514559058691139e+01 1.4928126108489389e+01 1.6564155781995868e+01 1.8451535886711408e+01 2.0623034256852176e+01 2.3115956658511127e+01 2.5972763397442652e+01 2.9241770797106884e+01 3.2977948880665885e+01 3.7243828178558616e+01 4.2110530391752022e+01 4.7658939694877887e+01
4.2921049759965904e+00 4.3325180575844104e+00 4.3821743177020096e+00 4.4430980416678238e+00 4.5177418500333255e+00 4.6090747410816109e+00 4.7206879701052324e+00 4.8568807005418817e+00 5.0161174938814215e+00 5.1971290176155991e+00 5.4101835988754088e+00 5.6670970191345464e+00 5.9771609713762697e+00 6.3516721611269018e+00 6.8043648135382728e+00 7.3519344822106962e+00 8.0146719846523968e+00 8.3552064166808027e+00 8.7881750955644193e+00 9.3229797462775537e+00 9.9705054272839817e+00 1.0743317864819257e+01 1.1655887224858722e+01 1.2724841664706135e+01 1.3957644895175388e+01 1.5358805337426542e+01 1.6965272929522314e+01 1.8824561210591327e+01 2.0969500124259820e+01 2.3437329123540625e+01 2.6270444856145062e+01 2.9517101916826626e+01 3.3232210051691105e+01 3.7478240694802558e+01 4.2326257522044692e+01 4.7857087762457994e+01
4.8405009214719428e+00 4.8778213575334988e+00 4.9237493564047377e+00 4.9801818918369882e+00 5.0494194905450485e+00 5.1342494666730998e+00 5.2380459788954425e+00 5.3648903583687764e+00 5.5196684481358949e+00 5.7006352781180532e+00 5.9063482980390640e+00 6.1484770885978621e+00 6.4404498561292582e+00 6.7928262721079360e+00 7.2184446319144184e+00 7.7329133834197235e+00 8.3552064166808027e+00 9.1083835085570168e+00 9.4953885177105981e+00 9.9874416899448573e+00 1.0595227744094442e+01 1.1331117153609920e+01 1.2209390409799749e+01 1.3246492330541473e+01 1.4461320212449763e+01 1.5862356291681015e+01 1.7454724225076408e+01 1.9280416274719414e+01 2.1393429851491117e+01 2.3831074993492226e+01 2.6635672986027902e+01 2.9855406078798620e+01 3.3545113865477894e+01 3.7767199277445414e+01 4.2592658829701982e+01 4.8102253807889277e+01
5.4666463723930532e+00 5.5010534243594833e+00 5.5434667439571133e+00 5.5956622459440810e+00 5.6597957720648582e+00 5.7384817873443641e+00 5.8348879730342631e+00 5.9528489378725178e+00 6.0970029664292049e+00 6.2729026418021228e+00 6.4785648688978483e+00 6.7123502417405598e+00 6.9875208147965528e+00 7.3193372566700710e+00 7.7198002503210592e+00 8.2035000519878132e+00 8.7881750955644193e+00 9.4953885177105981e+00 1.0351346916981978e+01 1.0791164048594299e+01 1.1350364600768371e+01 1.2041091368245322e+01 1.2877402944637707e+01 1.3875528589455730e+01 1.5054157240717547e+01 1.6434764989418646e+01 1.8026991588760474e+01 1.9836659888582062e+01 2.1911492569010623e+01 2.4312855725591405e+01 2.7083150861017337e+01 3.0270474578352474e+01 3.3929584253746135e+01 3.8122803092887615e+01 4.2921049759965904e+01 4.8405009214719428e+01
6.1809805668190521e+00 6.2126449792040317e+00 6.2517473436313251e+00 6.2999485403248361e+00 6.3592668318817891e+00 6.4321522541152518e+00 6.5215760515330832e+00 6.6311381787844885e+00 6.7651965293749683e+00 6.9290223451927737e+00 7.1289259351831387e+00 7.3626535838254012e+00 7.6283421657935824e+00 7.9410635241302572e+00 8.3181608542289016e+00 8.7732724962453066e+00 9.3229797462775537e+00 9.9874416899448573e+00 1.0791164048594299e+01 1.1763929669303907e+01 1.2263765859235299e+01 1.2899276969003965e+01 1.3684262843641580e+01 1.4634700563989297e+01 1.5769034093812802e+01 1.7108502732133068e+01 1.8677513276062459e+01 2.0487020954867351e+01 2.2543643225824610e+01 2.4901615180961372e+01 2.7630677158212769e+01 3.0779016924789460e+01 3.4401294522550330e+01 3.8559739719955687e+01 4.3325180575844108e+01 4.8778213575334988e+01
6.9953756779786138e+00 7.0244598368260958e+00 7.0604452910190787e+00 7.1048837074604707e+00 7.1596626161789585e+00 7.2270756992855105e+00 7.3099073334630233e+00 7.4115342301386260e+00 7.5360476069717768e+00 7.6884000515934572e+00 7.8745821388863924e+00 8.1017653056905115e+00 8.3673882862022104e+00 8.6693337061825950e+00 9.0247301676350169e+00 9.4532875819831883e+00 9.9705054272839817e+00 1.0595227744094442e+01 1.1350364600768371e+01 1.2263765859235299e+01 1.3369278643080925e+01 1.3937324312082625e+01 1.4659559597919184e+01 1.5551667523070854e+01 1.6631805459408511e+01 1.7920934301615990e+01 1.9443191741330136e+01 2.1226315216681993e+01 2.3282754947689721e+01 2.5620031434112345e+01 2.8299780887481784e+01 3.1401260667942783e+01 3.4979234422094507e+01 3.9095821301512700e+01 4.3821743177020096e+01 4.9237493564047377e+01
7.9233321867405708e+00 7.9499902907411011e+00 7.9830433805386543e+00 8.0239395417473673e+00 8.0744421874247276e+00 8.1366964268675481e+00 8.2133089464571878e+00 8.3074440891272836e+00 8.4229393647266431e+00 8.5644442934765124e+00 8.7375873112740958e+00 8.9491764888143717e+00 9.2073619035017007e+00 9.5092327698103301e+00 9.8523827688496155e+00 1.0256277934452347e+01 1.0743317864819257e+01 1.1331117153609920e+01 1.2041091368245322e+01 1.2899276969003965e+01 1.3937324312082625e+01 1.5193699423648114e+01 1.5839262687316319e+01 1.6660056848251276e+01 1.7673905091680904e+01 1.8901442611013508e+01 2.0366490701472209e+01 2.2096480972592691e+01 2.4122936015009518e+01 2.6460005051411834e+01 2.9116234856528834e+01 3.2161672745300208e+01 3.5686391827824103e+01 3.9752628998699265e+01 4.4430980416678238e+01 4.9801818918369875e+01
8.9802008960545443e+00 9.0045791469352121e+00 9.0348751135465459e+00 9.0724387491632488e+00 9.1189157504716043e+00 9.1763101723402780e+00 9.2470598535455206e+00 9.3341271984494085e+00 9.4411083678240111e+00 9.5723645521818863e+00 9.7331797623206153e+00 9.9299505111359458e+00 1.0170413923610909e+01 1.0463832266593789e+01 1.0806897538093930e+01 1.1196875044122372e+01 1.1655887224858722e+01 1.2209390409799749e+01 1.2877402944637707e+01 1.3684262843641580e+01 1.4659559597919184e+01 1.5839262687316319e+01 1.7267087352961809e+01 1.8000746546474112e+01 1.8933549287958250e+01 2.0085750979845010e+01 2.1480802769691778e+01 2.3145776694005875e+01 2.5111847780335093e+01 2.7414840307605960e+01 3.0070834353312289e+01 3.3089543016398594e+01 3.6550572525221710e+01 4.0556287696726550e+01 4.5177418500333253e+01 5.0494194905450485e+01
1.0183435220246844e+01 1.0205672035210519e+01 1.0233377031586432e+01 1.0267807296878248e+01 1.0310497003933985e+01 1.0363316427243493e+01 1.0428543102350453e+01 1.0508947544448585e+01 1.0607896418460529e+01 1.0729476630442221e+01 1.0878644514953374e+01 1.1061405158278225e+01 1.1285027964914358e+01 1.1558305896287276e+01 1.1891765182138425e+01 1.2281646398397090e+01 1.2724841664706135e+01 1.3246492330541473e+01 1.3875528589455730e+01 1.4634700563989297e+01 1.5551667523070854e+01 1.6660056848251276e+01 1.8000746546474112e+01 1.9623417400949556e+01 2.0457194417886143e+01 2.1517290841487860e+01 2.2826726200665323e+01 2.4412151872552549e+01 2.6304334243015177e+01 2.8538702598159844e+01 3.1155969929361021e+01 3.4174410660443087e+01 3.7605063375444502e+01 4.1538397660510803e+01 4.6090747410816114e+01 5.1342494666731000e+01
1.1552877880643893e+01 1.1573104126803248e+01 1.1598375459065608e+01 1.1629861180824181e+01 1.1668989926352351e+01 1.1717505227349847e+01 1.1777532582820550e+01 1.1851660329158756e+01 1.1943037056219298e+01 1.2055488856363651e+01 1.2193660349832319e+01 1.2363184230770866e+01 1.2570885061554838e+01 1.2825024256272005e+01 1.3135594696102379e+01 1.3514559058691139e+01 1.3957644895175388e+01 1.4461320212449763e+01 1.5054157240717547e+01 1.5769034093812802e+01 1.6631805459408511e+01 1.7673905091680904e+01 1.8933549287958250e+01 2.0457194417886143e+01 2.2301300886500563e+01 2.3248858172116467e+01 2.4453619240405271e+01 2.5941744949591200e+01 2.7743523621446204e+01 2.9893920135652596e+01 3.2433198588596547e+01 3.5407627815725014e+01 3.8837976035738549e+01 4.2736788198325193e+01 4.7206879701052323e+01 5.2380459788954425e+01
1.3111086704732001e+01 1.3129425953543100e+01 1.3152412347410582e+01 1.3181132298327913e+01 1.3216914677116463e+01 1.3261383074720481e+01 1.3316518951567902e+01 1.3384737860049576e+01 1.3468981350434005e+01 1.3572827680691557e+01 1.3700625065775283e+01 1.3857651947832675e+01 1.4050309679104034e+01 1.4286354126768149e+01 1.4575174087768737e+01 1.4928126108489389e+01 1.5358805337426542e+01 1.5862356291681015e+01 1.6434764989418646e+01 1.7108502732133068e+01 1.7920934301615990e+01 1.8901442611013508e+01 2.0085750979845010e+01 2.1517290841487860e+01 2.3248858172116467e+01 2.5344618170643642e+01 2.6421482597565198e+01 2.7790649778351472e+01 2.9481850577855774e+01 3.1529506573287716e+01 3.3973354080005791e+01 3.6859151780612741e+01 4.0239482525480021e+01 4.4137948640576347e+01 4.8568807005418819e+01 5.3648903583687769e+01
1.4883704868260510e+01 1.4900273666760860e+01 1.4921115556703482e+01 1.4947238758155105e+01 1.4979877938873036e+01 1.5020543312263072e+01 1.5071080030442435e+01 1.5133739951193846e+01 1.5211268262043761e+01 1.5307007927995180e+01 1.5425025509220379e+01 1.5570262594027138e+01 1.5748717940131202e+01 1.5967666451769405e+01 1.6235922390191760e+01 1.6564155781995868e+01 1.6965272929522314e+01 1.7454724225076408e+01 1.8026991588760474e+01 1.8677513276062459e+01 1.9443191741330136e+01 2.0366490701472209e+01 2.1480802769691778e+01 2.2826726200665323e+01 2.4453619240405271e+01 2.6421482597565198e+01 2.8803237689355935e+01 3.0027054984175567e+01 3.1583063738346944e+01 3.3505051999546069e+01 3.5832138639611365e+01 3.8609482537183801e+01 4.1889086772463074e+01 4.5730709844371326e+01 5.0161174938814213e+01 5.5196684481358943e+01
1.6899881648948295e+01 1.6914789803986402e+01 1.6933619641477712e+01 1.6957305692136313e+01 1.6986993761435759e+01 1.7024087004422285e+01 1.7070301723760071e+01 1.7127734867789290e+01 1.7198945591061875e+01 1.7287053699459065e+01 1.7395858351244758e+01 1.7529981044301923e+01 1.7695037714196587e+01 1.7897845731116146e+01 1.8146672759402197e+01 1.8451535886711408e+01 1.8824561210591327e+01 1.9280416274719414e+01 1.9836659888582062e+01 2.0487020954867351e+01 2.1226315216681993e+01 2.2096480972592691e+01 2.3145776694005875e+01 2.4412151872552549e+01 2.5941744949591200e+01 2.7790649778351472e+01 3.0027054984175567e+01 3.2733833108224935e+01 3.4124656998081917e+01 3.5893004411775806e+01 3.8077274237848485e+01 4.0721923652814326e+01 4.3878274081463516e+01 4.7605425134983150e+01 5.1971290176155996e+01 5.7006352781180532e+01
1.9192750588790854e+01 1.9206101460248604e+01 1.9223044036782259e+01 1.9244443462935084e+01 1.9271361798908753e+01 1.9305101210992717e+01 1.9347256333915318e+01 1.9399777683294925e+01 1.9465048364730432e+01 1.9545976764386776e+01 1.9646108428294156e+01 1.9769760961782346e+01 1.9922186529279621e+01 2.0109767437509529e+01 2.0340251379990345e+01 2.0623034256852176e+01 2.0969500124259820e+01 2.1393429851491117e+01 2.1911492569010623e+01 2.2543643225824610e+01 2.3282754947689721e+01 2.4122936015009518e+01 2.5111847780335093e+01 2.6304334243015177e+01 2.7743523621446204e+01 2.9481850577855774e+01 3.1583063738346944e+01 3.4124656998081917e+01 3.7200811989031735e+01 3.8781432806195454e+01 4.0791095391405726e+01 4.3273438686319992e+01 4.6278986656756935e+01 4.9866064237297749e+01 5.4101835988754090e+01 5.9063482980390638e+01
2.1799972903039151e+01 2.1811863702164032e+01 2.1827036482490353e+01 2.1846291105135808e+01 2.1870610775439999e+01 2.1901202486233636e+01 2.1939546102192278e+01 2.1987453867745838e+01 2.2047142473025314e+01 2.2121320230957004e+01 2.2213292416745180e+01 2.2327088414630662e+01 2.2467615026196537e+01 2.2640841145485414e+01 2.2854020032196338e+01 2.3115956658511127e+01 2.3437329123540625e+01 2.3831074993492226e+01 2.4312855725591405e+01 2.4901615180961372e+01 2.5620031434112345e+01 2.6460005051411834e+01 2.7414840307605960e+01 2.8538702598159844e+01 2.9893920135652596e+01 3.1529506573287716e+01 3.3505051999546069e+01 3.5893004411775806e+01 3.8781432806195454e+01 4.2277371185581032e+01 4.4073689314620509e+01 4.6357597824406788e+01 4.9178690786573078e+01 5.2594386852554017e+01 5.6670970191345468e+01 6.1484770885978620e+01
2.4764355043222974e+01 2.4774877132497327e+01 2.4788390593667046e+01 2.4805633907225957e+01 2.4827516086272489e+01 2.4855154507951678e+01 2.4889920875761231e+01 2.4933497002136072e+01 2.4987942437025421e+01 2.5055776368222784e+01 2.5140076694966101e+01 2.5244599742432445e+01 2.5373924759409402e+01 2.5533628147614319e+01 2.5730493338255126e+01 2.5972763397442652e+01 2.6270444856145062e+01 2.6635672986027902e+01 2.7083150861017337e+01 2.7630677158212769e+01 2.8299780887481784e+01 2.9116234856528834e+01 3.0070834353312289e+01 3.1155969929361021e+01 3.2433198588596547e+01 3.3973354080005791e+01 3.5832138639611365e+01 3.8077274237848485e+01 4.0791095391405726e+01 4.4073689314620509e+01 4.8046696262715614e+01 5.0088146549638964e+01 5.2683725588360232e+01 5.5889795239358698e+01 5.9771609713762700e+01 6.4404498561292584e+01
2.8134550536703284e+01 2.8143789728098994e+01 2.8155747700253762e+01 2.8171105257880260e+01 2.8190701657228065e+01 2.8215569958655792e+01 2.8246980020690440e+01 2.8286490734518196e+01 2.8336013418865036e+01 2.8397888677417349e+01 2.8474979475571260e+01 2.8570783733979489e+01 2.8689570379724898e+01 2.8836543562673928e+01 2.9018040660767511e+01 2.9241770797106884e+01 2.9517101916826626e+01 2.9855406078798620e+01 3.0270474578352474e+01 3.0779016924789460e+01 3.1401260667942783e+01 3.2161672745300208e+01 3.3089543016398594e+01 3.4174410660443087e+01 3.5407627815725014e+01 3.6859151780612741e+01 3.8609482537183801e+01 4.0721923652814326e+01 4.3273438686319992e+01 4.6357597824406788e+01 5.0088146549638964e+01 5.4603324592447088e+01 5.6923358670268186e+01 5.9873139941007295e+01 6.3516721611269013e+01 6.7928262721079363e+01
3.1965857606118423e+01 3.1973894455056275e+01 3.1984394460384280e+01 3.1997984261261831e+01 3.2015437567508769e+01 3.2037708163359532e+01 3.2065970084376872e+01 3.2101666478638172e+01 3.2146568969336386e+01 3.2202849700758456e+01 3.2273168683951383e+01 3.2360779575065976e+01 3.2469657633831957e+01 3.2604654340773450e+01 3.2771684023128081e+01 3.2977948880665885e+01 3.3232210051691105e+01 3.3545113865477894e+01 3.3929584253746135e+01 3.4401294522550330e+01 3.4979234422094507e+01 3.5686391827824103e+01 3.6550572525221710e+01 3.7605063375444502e+01 3.8837976035738549e+01 4.0239482525480021e+01 4.1889086772463074e+01 4.3878274081463516e+01 4.6278986656756935e+01 4.9178690786573078e+01 5.2683725588360232e+01 5.6923358670268186e+01 6.2054694463182223e+01 6.4691328897402613e+01 6.8043648135382725e+01 7.2184446319144186e+01
3.6321125641403171e+01 3.6328035734213351e+01 3.6337169321023445e+01 3.6349102195575583e+01 3.6364546510506337e+01 3.6384381558914285e+01 3.6409691281927437e+01 3.6441809928305908e+01 3.6482377583404855e+01 3.6533407632613596e+01 3.6597368638992393e+01 3.6677283608448342e+01 3.6776850202979759e+01 3.6900586160833903e+01 3.7054005013354626e+01 3.7243828178558616e+01 3.7478240694802558e+01 3.7767199277445414e+01 3.8122803092887615e+01 3.8559739719955687e+01 3.9095821301512700e+01 3.9752628998699265e+01 4.0556287696726550e+01 4.1538397660510803e+01 4.2736788198325193e+01 4.4137948640576347e+01 4.5730709844371326e+01 4.7605425134983150e+01 4.9866064237297749e+01 5.2594386852554017e+01 5.5889795239358698e+01 5.9873139941007295e+01 6.4691328897402613e+01 7.0522905586074003e+01 7.3519344822106959e+01 7.7329133834197236e+01
4.1271785380550355e+01 4.1277639613685608e+01 4.1285492683095725e+01 4.1295872672649182e+01 4.1309433951013226e+01 4.1326985853784244e+01 4.1349527665620883e+01 4.1378291246231612e+01 4.1414792920854239e+01 4.1460896586904660e+01 4.1518890383724262e+01 4.1591579743539235e+01 4.1682400202726249e+01 4.1795554019796960e+01 4.1936175440123634e+01 4.2110530391752022e+01 4.2326257522044692e+01 4.2592658829701982e+01 4.2921049759965904e+01 4.3325180575844108e+01 4.3821743177020096e+01 4.4430980416678238e+01 4.5177418500333253e+01 4.6090747410816114e+01 4.7206879701052323e+01 4.8568807005418819e+01 5.0161174938814213e+01 5.1971290176155996e+01 5.4101835988754090e+01 5.6670970191345468e+01 5.9771609713762700e+01 6.3516721611269013e+01 6.8043648135382725e+01 7.3519344822106959e+01 8.0146719846523965e+01 8.3552064166808023e+01
4.6899019682195906e+01 4.6903884531865010e+01 4.6910537655117778e+01 4.6919462383171982e+01 4.6931258864156952e+01 4.6946670764287425e+01 4.6966617864062620e+01 4.6992235814189463e+01 4.7024924578468720e+01 4.7066407405439563e+01 4.7118802546793049e+01 4.7184710389754287e+01 4.7267319206116838e+01 4.7370533358147348e+01 4.7499128559961072e+01 4.7658939694877887e+01 4.7857087762457994e+01 4.8102253807889277e+01 4.8405009214719428e+01 4.8778213575334988e+01 4.9237493564047377e+01 4.9801818918369875e+01 5.0494194905450485e+01 5.1342494666731000e+01 5.2380459788954425e+01 5.3648903583687769e+01 5.5196684481358943e+01 5.7006352781180532e+01 5.9063482980390638e+01 6.1484770885978620e+01 6.4404498561292584e+01 6.7928262721079363e+01 7.2184446319144186e+01 7.7329133834197236e+01 8.3552064166808023e+01 9.1083835085570158e+01
