37 9.1190000000000004e-01
1.0642092440647242e+00 1.2052609368708425e+00 1.3650078065460138e+00 1.5459277364194774e+00 1.7508270317357244e+00 1.9828839491270711e+00 2.2456979955397740e+00 2.5433457613046491e+00 2.8804441533962968e+00 3.2622220097116692e+00 3.6946012051993025e+00 4.1842885079015817e+00 4.7388796097176540e+00 5.3669769455404746e+00 6.0783231282972299e+00 6.8839520696454981e+00 7.7963601304052332e+00 8.8296999554940889e+00 1.0000000000000000e+01 1.1325413151528117e+01 1.2826498305280605e+01 1.4526539259467809e+01 1.6451905877536625e+01 1.8632463119315602e+01 2.1102034285685953e+01 2.3898925662310496e+01 2.7066520700332411e+01 3.0653952950565273e+01 3.4716868189265611e+01 3.9318287557057687e+01 4.4529585099426548e+01 5.0431594871713600e+01 5.7115864781264314e+01 6.4686076615463250e+01 7.3259654282152297e+01 8.2969585208349073e+01 9.3966483149546946e+01
1.0340999825894672e+00 1.0765579443669442e+00 1.1302701407636491e+00 1.1963466094459196e+00 1.2760676180663133e+00 1.3709056414894272e+00 1.4825502052608959e+00 1.6129359459287844e+00 1.7634720089257987e+00 1.9341472230455476e+00 2.1284118328765711e+00 2.3523558290101532e+00 2.6099184666761897e+00 2.9053464210553059e+00 3.2434581621028760e+00 3.6297193553666718e+00 4.0703283558623617e+00 4.5723131021618828e+00 5.1436408955119619e+00 5.7933427506771125e+00 6.5316542338995260e+00 7.3701749620083268e+00 8.3220492289939525e+00 9.4021705566242204e+00 1.0627413338933744e+01 1.2016895172422180e+01 1.3592273941108491e+01 1.5378084265653346e+01 1.7402118537013504e+01 1.9695858447071185e+01 2.2294963712178024e+01 2.5239825572770272e+01 2.8576193656952743e+01 3.2355885933831786e+01 3.6637592771077962e+01 4.1487787570725601e+01 4.6981758110221485e+01
1.0765579443669442e+00 1.1711609542813750e+00 1.2192463501515467e+00 1.2800776316984168e+00 1.3549119624404891e+00 1.4451992983887383e+00 1.5526072781628451e+00 1.6790493592462461e+00 1.8267165974594299e+00 1.9972049082239951e+00 2.1905016396871635e+00 2.4105143363928385e+00 2.6641401642945413e+00 2.9558404926910615e+00 3.2904248566764909e+00 3.6733503725511132e+00 4.1108071323625861e+00 4.6098150292521414e+00 5.1783334940128514e+00 5.8253858244769035e+00 6.5612000179828645e+00 7.3973682761840003e+00 8.3470276443792351e+00 9.4250645785712539e+00 1.0648346607490240e+01 1.2035984679548557e+01 1.3609630262628491e+01 1.5393811805180304e+01 1.7416315778753802e+01 1.9708618214354399e+01 2.2306373428709620e+01 2.5249967523874314e+01 2.8585145248412815e+01 3.2363719946306695e+01 3.6644377608436216e+01 4.1493587500989783e+01 4.6986633498130047e+01
1.1302701407636491e+00 1.2192463501515467e+00 1.3263881674174507e+00 1.3808468648958983e+00 1.4497408045014217e+00 1.5344937758586286e+00 1.6367479140551024e+00 1.7583918887263761e+00 1.9015927695272294e+00 2.0688320176981723e+00 2.2619170733896543e+00 2.4808336078556907e+00 2.7300070767330529e+00 3.0172488054215680e+00 3.3476114789742701e+00 3.7265420945918954e+00 4.1602210619461086e+00 4.6556589160254829e+00 5.2208059758404168e+00 5.8646766256091700e+00 6.5974901229256195e+00 7.4308300973469654e+00 8.3778251961791153e+00 9.4533536659821351e+00 1.0674275033215268e+01 1.2059692471049978e+01 1.3631249918135016e+01 1.5413468556380778e+01 1.7434127867053782e+01 1.9724697177186499e+01 2.2320824392329595e+01 2.5262889499240526e+01 2.8596631427054401e+01 3.2373857993471596e+01 3.6653249951227473e+01 4.1501271609614598e+01 4.6993202158779241e+01
1.1963466094459196e+00 1.2800776316984168e+00 1.3808468648958983e+00 1.5021893995300875e+00 1.5638661243938377e+00 1.6418913573607354e+00 1.7378775990047353e+00 1.8536846351575871e+00 1.9914514622122066e+00 2.1536323760854459e+00 2.3430377341541333e+00 2.5617145370633181e+00 2.8096465569161788e+00 3.0918458050597351e+00 3.4171589302353929e+00 3.7913083070181695e+00 4.2204628847814192e+00 4.7116222328228732e+00 5.2727260716584139e+00 5.9127784660359648e+00 6.6419885785133639e+00 7.4719301405258669e+00 8.4157220911264297e+00 9.4882331658010592e+00 1.0706313593476063e+01 1.2089057484420444e+01 1.3658099971501404e+01 1.5437953709461288e+01 1.7456389949909997e+01 1.9744870103095373e+01 2.2339034482041750e+01 2.5279255812583919e+01 2.8611266098030026e+01 3.2386866565336419e+01 3.6664731708496689e+01 4.1511319904387896e+01 4.7001904729266961e+01
1.2760676180663133e+00 1.3549119624404891e+00 1.4497408045014217e+00 1.5638661243938377e+00 1.7012915581524177e+00 1.7711429972439277e+00 1.8595097972033627e+00 1.9682181815514337e+00 2.0993744345799339e+00 2.2554010580768025e+00 2.4390776435674861e+00 2.6535870368915861e+00 2.9012475508517666e+00 3.1820408066844186e+00 3.5016431143120563e+00 3.8700736689349675e+00 4.2938132961801374e+00 4.7798485860839781e+00 5.3361068400644447e+00 5.9715801196365392e+00 6.6964659001315967e+00 7.5223264799394798e+00 8.4622695880810994e+00 9.5311529650448978e+00 1.0745816068072859e+01 1.2125342477593806e+01 1.3691357062363473e+01 1.5468362504212781e+01 1.7484120397381517e+01 1.9770082831691393e+01 2.2361881154081068e+01 2.5299879491535577e+01 2.8629801624068151e+01 3.2403440934849982e+01 3.6679464453584735e+01 4.1524323468865838e+01 4.7013284838244566e+01
1.3709056414894272e+00 1.4451992983887383e+00 1.5344937758586286e+00 1.6418913573607354e+00 1.7711429972439277e+00 1.9267829787283157e+00 2.0058926194223305e+00 2.1059716712642347e+00 2.2290884078419366e+00 2.3776282831373488e+00 2.5543348805113451e+00 2.7623562022057415e+00 3.0052969526336497e+00 3.2857827168255338e+00 3.6037926800722855e+00 3.9657554978787637e+00 4.3830183227538750e+00 4.8629209574764829e+00 5.4133760039148564e+00 6.0433614584425008e+00 6.7630612022335512e+00 7.5840242974109966e+00 8.5193455245994798e+00 9.5838699284630113e+00 1.0794424513954569e+01 1.2170080662125452e+01 1.3732451316252341e+01 1.5506027533635864e+01 1.7518559613781584e+01 1.9801488709140564e+01 2.2390435610883795e+01 2.5325754291533851e+01 2.8653158792551352e+01 3.2424433183886251e+01 3.6698235611831457e+01 4.1541008911363669e+01 4.7028011912260084e+01
1.4825502052608959e+00 1.5526072781628451e+00 1.6367479140551024e+00 1.7378775990047353e+00 1.8595097972033627e+00 2.0058926194223305e+00 2.1821613287430188e+00 2.2717562652558851e+00 2.3850999262481611e+00 2.5245347170091939e+00 2.6927622627288952e+00 2.8928897849150190e+00 3.1284825261666174e+00 3.4036229631604513e+00 3.7212846794199690e+00 4.0814441014271425e+00 4.4913819471421093e+00 4.9639493355905451e+00 5.5074588966645868e+00 6.1308719788904043e+00 6.8443565340882841e+00 7.6594462284365425e+00 8.5892208519407287e+00 9.6485107846711156e+00 1.0854128653034982e+01 1.2225131735351859e+01 1.3783119158599362e+01 1.5552568473980388e+01 1.7561216815739673e+01 1.9840492544575131e+01 2.2426004064633609e+01 2.5358093393594686e+01 2.8682463072570712e+01 3.2450886142198463e+01 3.6722010201163009e+01 4.1562268023611345e+01 4.7046908865250487e+01
1.6129359459287844e+00 1.6790493592462461e+00 1.7583918887263761e+00 1.8536846351575871e+00 1.9682181815514337e+00 2.1059716712642347e+00 2.2717562652558851e+00 2.4713878611302258e+00 2.5728578283595400e+00 2.7012242072439672e+00 2.8591398685505238e+00 3.0496645144248440e+00 3.2763172015997903e+00 3.5431357146173315e+00 3.8547436269820476e+00 4.2145086448883013e+00 4.6224040703529825e+00 5.0866756172699210e+00 5.6218777088816427e+00 6.2374247419785647e+00 6.9434658140060606e+00 7.7515165504910861e+00 8.6746393048957664e+00 9.7276474797949071e+00 1.0927337093337513e+01 1.2292749139546055e+01 1.3845466773471770e+01 1.5609951898788038e+01 1.7613926353525908e+01 1.9888803588181482e+01 2.2470177519712674e+01 2.5398376136982449e+01 2.8719088441749552e+01 3.2484074450031194e+01 3.6751969269359599e+01 4.1589193728280122e+01 4.7070985688194448e+01
1.7634720089257987e+00 1.8267165974594299e+00 1.9015927695272294e+00 1.9914514622122066e+00 2.0993744345799339e+00 2.2290884078419366e+00 2.3850999262481611e+00 2.5728578283595400e+00 2.7989488584971203e+00 2.9138677886315207e+00 3.0592480161946938e+00 3.2380940269340477e+00 3.4538710599415738e+00 3.7105645923576067e+00 4.0127475819976102e+00 4.3656564168791681e+00 4.7731051634046917e+00 5.2350635850052765e+00 5.7608702933386162e+00 6.3670087740450914e+00 7.0641412204470910e+00 7.8637619047130123e+00 8.7789127485219609e+00 9.8243874068429236e+00 1.1016962670109860e+01 1.2375660722806570e+01 1.3922046277345085e+01 1.5680563148532277e+01 1.7678915452925537e+01 1.9948499317427004e+01 2.2524891772575018e+01 2.5448404399892539e+01 2.8764710312923896e+01 3.2525554193808958e+01 3.6789556399160183e+01 4.1623123610776247e+01 4.7101480161171445e+01
1.9341472230455476e+00 1.9972049082239951e+00 2.0688320176981723e+00 2.1536323760854459e+00 2.2554010580768025e+00 2.3776282831373488e+00 2.5245347170091939e+00 2.7012242072439672e+00 2.9138677886315207e+00 3.1699252212477900e+00 3.3000756575181578e+00 3.4647247716397689e+00 3.6672752678523510e+00 3.9116516725944663e+00 4.2023677033881404e+00 4.5446024238918392e+00 4.9442862598776447e+00 5.4057387991250261e+00 5.9289257974704697e+00 6.5244236184424818e+00 7.2109004905465195e+00 8.0004317882303368e+00 8.9060352496122555e+00 9.9424813898228486e+00 1.1126524634316606e+01 1.2477165391395653e+01 1.4015947070892350e+01 1.5767292600562710e+01 1.7758885610575458e+01 2.0022102157531652e+01 2.2592499652283745e+01 2.5510370551786860e+01 2.8821369387594899e+01 3.2577222847788477e+01 3.6836533922730446e+01 4.1665692588193416e+01 4.7139907154916578e+01
2.1284118328765711e+00 2.1905016396871635e+00 2.2619170733896543e+00 2.3430377341541333e+00 2.4390776435674861e+00 2.5543348805113451e+00 2.6927622627288952e+00 2.8591398685505238e+00 3.0592480161946938e+00 3.3000756575181578e+00 3.5900712790080398e+00 3.7374720252693945e+00 3.9239439495154294e+00 4.1533407548808814e+00 4.4301071296998327e+00 4.7593550455509064e+00 5.1469500060011191e+00 5.5996084632538050e+00 6.1222225289336381e+00 6.7147534201106387e+00 7.3891793054449151e+00 8.1666427249996119e+00 9.0608195392327477e+00 1.0086452874393164e+01 1.1260270949112323e+01 1.2601248842429088e+01 1.4130905301750381e+01 1.5873639128780622e+01 1.7857110298240489e+01 2.0112671665049476e+01 2.2675857909614848e+01 2.5586939268786875e+01 2.8891548614756253e+01 3.2641391590731715e+01 3.6895050808060589e+01 4.1718896574520308e+01 4.7188118280585329e+01
2.3523558290101532e+00 2.4105143363928385e+00 2.4808336078556907e+00 2.5617145370633181e+00 2.6535870368915861e+00 2.7623562022057415e+00 2.8928897849150190e+00 3.0496645144248440e+00 3.2380940269340477e+00 3.4647247716397689e+00 3.7374720252693945e+00 4.0659040478201023e+00 4.2328414828454433e+00 4.4440286411701226e+00 4.7038300008105658e+00 5.0172793549380970e+00 5.3901662225673936e+00 5.8291335288222799e+00 6.3417879333142793e+00 6.9336699545766756e+00 7.6047356693389441e+00 8.3685508484885247e+00 9.2490602921542013e+00 1.0261752477324951e+01 1.1423324603592093e+01 1.2752722069684671e+01 1.4271434936572486e+01 1.6003834074744216e+01 1.7977552135170342e+01 2.0223915181998105e+01 2.2778431618771826e+01 2.5681345939173490e+01 2.8978265850207013e+01 3.2720872464957445e+01 3.6967724560585225e+01 4.1785169364790754e+01 4.7248373993231361e+01
2.6099184666761897e+00 2.6641401642945413e+00 2.7300070767330529e+00 2.8096465569161788e+00 2.9012475508517666e+00 3.0052969526336497e+00 3.1284825261666174e+00 3.2763172015997903e+00 3.4538710599415738e+00 3.6672752678523510e+00 3.9239439495154294e+00 4.2328414828454433e+00 4.6048043176033202e+00 4.7938678598151556e+00 5.0330460418475740e+00 5.3272818153732500e+00 5.6822761591306428e+00 6.1045859425987397e+00 6.6017345529337357e+00 7.1823368464159865e+00 7.8526676891918052e+00 8.6126773363426263e+00 9.4777295838703726e+00 1.0474942907203969e+01 1.1621858646442224e+01 1.2937387069969661e+01 1.4442984624578965e+01 1.6162989692183590e+01 1.8125003290498199e+01 2.0360320538394056e+01 2.2904419497759051e+01 2.5797514902642234e+01 2.9085185304845865e+01 3.2819083316841265e+01 3.7057739934410328e+01 4.1867475392052093e+01 4.7323430666283102e+01
2.9053464210553059e+00 2.9558404926910615e+00 3.0172488054215680e+00 3.0918458050597351e+00 3.1820408066844186e+00 3.2857827168255338e+00 3.4036229631604513e+00 3.5431357146173315e+00 3.7105645923576067e+00 3.9116516725944663e+00 4.1533407548808814e+00 4.4440286411701226e+00 4.7938678598151556e+00 5.2151311378798102e+00 5.4292534106238515e+00 5.7001325834587053e+00 6.0333667533724791e+00 6.4354125143232865e+00 6.9136957918941437e+00 7.4767371328693333e+00 8.1342932179104590e+00 8.8934705921752784e+00 9.7542129174882941e+00 1.0733920327579263e+01 1.1863305616275401e+01 1.3162235075961753e+01 1.4652125366864421e+01 1.6357276801452500e+01 1.8305253602786941e+01 2.0527315063769869e+01 2.3058904199485610e+01 2.5940201380803739e+01 2.9216751455512700e+01 3.2940174016613369e+01 3.7168967781765105e+01 4.1969421521907947e+01 4.7416645642642663e+01
3.2434581621028760e+00 3.2904248566764909e+00 3.3476114789742701e+00 3.4171589302353929e+00 3.5016431143120563e+00 3.6037926800722855e+00 3.7212846794199690e+00 3.8547436269820476e+00 4.0127475819976102e+00 4.2023677033881404e+00 4.4301071296998327e+00 4.7038300008105658e+00 5.0330460418475740e+00 5.4292534106238515e+00 5.9063514775887800e+00 6.1488537979658258e+00 6.4556356526157170e+00 6.8330371176637170e+00 7.2883705525225579e+00 7.8300461247182538e+00 8.4677137055116987e+00 9.2124231388509088e+00 1.0072222880735046e+01 1.1047049125852737e+01 1.2156608244542118e+01 1.3435683744716281e+01 1.4906775023280193e+01 1.6594137332772508e+01 1.8525291781035595e+01 2.0731455989506070e+01 2.3248032398878053e+01 2.6115161688068127e+01 2.9378349787144248e+01 3.3089178117919182e+01 3.7306108002137790e+01 4.2095391654432746e+01 4.7532103846624345e+01
3.6297193553666718e+00 3.6733503725511132e+00 3.7265420945918954e+00 3.7913083070181695e+00 3.8700736689349675e+00 3.9657554978787637e+00 4.0814441014271425e+00 4.2145086448883013e+00 4.3656564168791681e+00 4.5446024238918392e+00 4.7593550455509064e+00 5.0172793549380970e+00 5.3272818153732500e+00 5.7001325834587053e+00 6.1488537979658258e+00 6.6891870701831495e+00 6.9638309670305780e+00 7.3112740921607839e+00 7.7386968437268449e+00 8.2543807708749242e+00 8.8678507357955887e+00 9.5900356163777083e+00 1.0433449817418403e+01 1.1407208547859911e+01 1.2511239545550978e+01 1.3767861089071246e+01 1.5216466938218232e+01 1.6882538589552837e+01 1.8793546118684549e+01 2.0980658317283627e+01 2.3479230431387840e+01 2.6329357187740527e+01 2.9576499563633000e+01 3.3272194904951675e+01 3.7474861302993830e+01 4.2250708619973963e+01 4.7674770226183959e+01
4.0703283558623617e+00 4.1108071323625861e+00 4.1602210619461086e+00 4.2204628847814192e+00 4.2938132961801374e+00 4.3830183227538750e+00 4.4913819471421093e+00 4.6224040703529825e+00 4.7731051634046917e+00 4.9442862598776447e+00 5.1469500060011191e+00 5.3901662225673936e+00 5.6822761591306428e+00 6.0333667533724791e+00 6.4556356526157170e+00 6.9638309670305780e+00 7.5757807217684086e+00 7.8868262819026880e+00 8.2803199757784540e+00 8.7643939009633147e+00 9.3484272540187661e+00 1.0043207334896765e+01 1.0861111549334716e+01 1.1816312977799903e+01 1.2919134971015660e+01 1.4169495689110173e+01 1.5592671504657972e+01 1.7233277478188956e+01 1.9120172457330266e+01 2.1284467437640018e+01 2.3761462363428176e+01 2.6591198511539904e+01 2.9819084816531795e+01 3.3496607713413482e+01 3.7682135375674655e+01 4.2441828705261841e+01 4.7850673106603558e+01
4.5723131021618828e+00 4.6098150292521414e+00 4.6556589160254829e+00 4.7116222328228732e+00 4.7798485860839781e+00 4.8629209574764829e+00 4.9639493355905451e+00 5.0866756172699210e+00 5.2350635850052765e+00 5.4057387991250261e+00 5.5996084632538050e+00 5.8291335288222799e+00 6.1045859425987397e+00 6.4354125143232865e+00 6.8330371176637170e+00 7.3112740921607839e+00 7.8868262819026880e+00 8.5798846619409108e+00 8.9321566096878318e+00 9.3778044752542300e+00 9.9260381951142751e+00 1.0587480096876803e+01 1.1374347243416349e+01 1.2300657558104930e+01 1.3382462640134738e+01 1.4631454110710758e+01 1.6047539282796933e+01 1.7659344692631112e+01 1.9517398739541452e+01 2.1654385260773388e+01 2.4105538744152025e+01 2.6910837835030989e+01 3.0115630933748896e+01 3.3771345534768159e+01 3.7936292152907122e+01 4.2676575156132870e+01 4.8067124499347607e+01
5.1436408955119619e+00 5.1783334940128514e+00 5.2208059758404168e+00 5.2727260716584139e+00 5.3361068400644447e+00 5.4133760039148564e+00 5.5074588966645868e+00 5.6218777088816427e+00 5.7608702933386162e+00 5.9289257974704697e+00 6.1222225289336381e+00 6.3417879333142793e+00 6.6017345529337357e+00 6.9136957918941437e+00 7.2883705525225579e+00 7.7386968437268449e+00 8.2803199757784540e+00 8.9321566096878318e+00 9.7170738588939969e+00 1.0116036393886736e+01 1.0620751013650349e+01 1.1241648351751763e+01 1.1990758633071072e+01 1.2881918186063512e+01 1.3931002888100533e+01 1.5156191838441567e+01 1.6570726281142377e+01 1.8174501244305247e+01 1.9999937462929267e+01 2.2104260436842107e+01 2.4524485962061956e+01 2.7300518551768992e+01 3.0477635673550040e+01 3.4107196264364674e+01 3.8247444086426370e+01 4.2964418206874726e+01 4.8332984553544534e+01
5.7933427506771125e+00 5.8253858244769035e+00 5.8646766256091700e+00 5.9127784660359648e+00 5.9715801196365392e+00 6.0433614584425008e+00 6.1308719788904043e+00 6.2374247419785647e+00 6.3670087740450914e+00 6.5244236184424818e+00 6.7147534201106387e+00 6.9336699545766756e+00 7.1823368464159865e+00 7.4767371328693333e+00 7.8300461247182538e+00 8.2543807708749242e+00 8.7643939009633147e+00 9.3778044752542300e+00 1.0116036393886736e+01 1.1004987607588815e+01 1.1456829161666192e+01 1.2028439320910126e+01 1.2731631208778380e+01 1.3580029551978244e+01 1.4589304564135292e+01 1.5777436332286996e+01 1.7165013437416924e+01 1.8767032135482250e+01 2.0583373541471879e+01 2.2650755477239901e+01 2.5033988185621425e+01 2.7774993584920320e+01 3.0918965184974191e+01 3.4517181588470613e+01 3.8627808913418640e+01 4.3316810626874954e+01 4.8658978700789312e+01
6.5316542338995260e+00 6.5612000179828645e+00 6.5974901229256195e+00 6.6419885785133639e+00 6.6964659001315967e+00 6.7630612022335512e+00 6.8443565340882841e+00 6.9434658140060606e+00 7.0641412204470910e+00 7.2109004905465195e+00 7.3891793054449151e+00 7.6047356693389441e+00 7.8526676891918052e+00 8.1342932179104590e+00 8.4677137055116987e+00 8.8678507357955887e+00 9.3484272540187661e+00 9.9260381951142751e+00 1.0620751013650349e+01 1.1456829161666192e+01 1.2463603138339032e+01 1.2975332366234515e+01 1.3622704487739346e+01 1.4419098353230449e+01 1.5379944528611491e+01 1.6522990178230703e+01 1.7868598493508070e+01 1.9440086893027850e+01 2.1254439256234146e+01 2.3311520940940152e+01 2.5652916397398034e+01 2.8352025903263641e+01 3.1456327763026568e+01 3.5017005493754674e+01 3.9092134231574931e+01 4.3747589508274650e+01 4.9058077675586254e+01
7.3701749620083268e+00 7.3973682761840003e+00 7.4308300973469654e+00 7.4719301405258669e+00 7.5223264799394798e+00 7.5840242974109966e+00 7.6594462284365425e+00 7.7515165504910861e+00 7.8637619047130123e+00 8.0004317882303368e+00 8.1666427249996119e+00 8.3685508484885247e+00 8.6126773363426263e+00 8.8934705921752784e+00 9.2124231388509088e+00 9.5900356163777083e+00 1.0043207334896765e+01 1.0587480096876803e+01 1.1241648351751763e+01 1.2028439320910126e+01 1.2975332366234515e+01 1.4115545489837199e+01 1.4695099982600084e+01 1.5428275656482432e+01 1.6330224612285356e+01 1.7418422603410949e+01 1.8712969026710393e+01 2.0236926037775181e+01 2.2016701576514702e+01 2.4071530588090972e+01 2.6401260584664669e+01 2.9052987674214297e+01 3.2109840703728793e+01 3.5625590814616018e+01 3.9658205454610147e+01 4.4273457114758124e+01 4.9545952556466723e+01
8.3220492289939525e+00 8.3470276443792351e+00 8.3778251961791153e+00 8.4157220911264297e+00 8.4622695880810994e+00 8.5193455245994798e+00 8.5892208519407287e+00 8.6746393048957664e+00 8.7789127485219609e+00 8.9060352496122555e+00 9.0608195392327477e+00 9.2490602921542013e+00 9.4777295838703726e+00 9.7542129174882941e+00 1.0072222880735046e+01 1.0433449817418403e+01 1.0861111549334716e+01 1.1374347243416349e+01 1.1990758633071072e+01 1.2731631208778380e+01 1.3622704487739346e+01 1.4695099982600084e+01 1.5986438453159563e+01 1.6642807860595958e+01 1.7473159602532725e+01 1.8494654059138472e+01 1.9727083243154500e+01 2.1193210551924420e+01 2.2919154829472085e+01 2.4934824158792942e+01 2.7262002909977685e+01 2.9900518384248219e+01 3.2903708869673089e+01 3.6365721219948291e+01 4.0347453474281153e+01 4.4914556162164594e+01 5.0141519347109778e+01
9.4021705566242204e+00 9.4250645785712539e+00 9.4533536659821351e+00 9.4882331658010592e+00 9.5311529650448978e+00 9.5838699284630113e+00 9.6485107846711156e+00 9.7276474797949071e+00 9.8243874068429236e+00 9.9424813898228486e+00 1.0086452874393164e+01 1.0261752477324951e+01 1.0474942907203969e+01 1.0733920327579263e+01 1.1047049125852737e+01 1.1407208547859911e+01 1.1816312977799903e+01 1.2300657558104930e+01 1.2881918186063512e+01 1.3580029551978244e+01 1.4419098353230449e+01 1.5428275656482432e+01 1.6642807860595958e+01 1.8105302030350813e+01 1.8848667502274903e+01 1.9789075156127392e+01 2.0945959831432976e+01 2.2341736800331191e+01 2.4002186550786931e+01 2.5956889752761231e+01 2.8239718545903465e+01 3.0875344629365909e+01 3.3863572414647301e+01 3.7264809716664800e+01 4.1185681736920756e+01 4.5695158020829261e+01 5.0867590505402717e+01
1.0627413338933744e+01 1.0648346607490240e+01 1.0674275033215268e+01 1.0706313593476063e+01 1.0745816068072859e+01 1.0794424513954569e+01 1.0854128653034982e+01 1.0927337093337513e+01 1.1016962670109860e+01 1.1126524634316606e+01 1.1260270949112323e+01 1.1423324603592093e+01 1.1621858646442224e+01 1.1863305616275401e+01 1.2156608244542118e+01 1.2511239545550978e+01 1.2919134971015660e+01 1.3382462640134738e+01 1.3931002888100533e+01 1.4589304564135292e+01 1.5379944528611491e+01 1.6330224612285356e+01 1.7473159602532725e+01 1.8848667502274903e+01 2.0505002572692383e+01 2.1346894681904480e+01 2.2411945202978352e+01 2.3722164894629067e+01 2.5302939978645060e+01 2.7183467922771364e+01 2.9397250057868749e+01 3.1982647981522756e+01 3.4967603412338370e+01 3.8351894838257138e+01 4.2203936605430833e+01 4.6644486159797374e+01 5.1751654361025530e+01
1.2016895172422180e+01 1.2035984679548557e+01 1.2059692471049978e+01 1.2089057484420444e+01 1.2125342477593806e+01 1.2170080662125452e+01 1.2225131735351859e+01 1.2292749139546055e+01 1.2375660722806570e+01 1.2477165391395653e+01 1.2601248842429088e+01 1.2752722069684671e+01 1.2937387069969661e+01 1.3162235075961753e+01 1.3435683744716281e+01 1.3767861089071246e+01 1.4169495689110173e+01 1.4631454110710758e+01 1.5156191838441567e+01 1.5777436332286996e+01 1.6522990178230703e+01 1.7418422603410949e+01 1.8494654059138472e+01 1.9789075156127392e+01 2.1346894681904480e+01 2.3222762580888823e+01 2.4176240177472664e+01 2.5382453895313851e+01 2.6866331828035069e+01 2.8656624920647339e+01 3.0786400511669751e+01 3.3293600242414747e+01 3.6221670207063205e+01 3.9602255556351651e+01 4.3435105418722067e+01 4.7797701867740528e+01 5.2826807700044043e+01
1.3592273941108491e+01 1.3609630262628491e+01 1.3631249918135016e+01 1.3658099971501404e+01 1.3691357062363473e+01 1.3732451316252341e+01 1.3783119158599362e+01 1.3845466773471770e+01 1.3922046277345085e+01 1.4015947070892350e+01 1.4130905301750381e+01 1.4271434936572486e+01 1.4442984624578965e+01 1.4652125366864421e+01 1.4906775023280193e+01 1.5216466938218232e+01 1.5592671504657972e+01 1.6047539282796933e+01 1.6570726281142377e+01 1.7165013437416924e+01 1.7868598493508070e+01 1.8712969026710393e+01 1.9727083243154500e+01 2.0945959831432976e+01 2.2411945202978352e+01 2.4176240177472664e+01 2.6300738074841330e+01 2.7380590846045138e+01 2.8746677716404360e+01 3.0427230781854682e+01 3.2454811675470772e+01 3.4866870524307657e+01 3.7706377804716368e+01 4.1022538013338782e+01 4.4851190590808244e+01 4.9192051414720517e+01 5.4132872134572871e+01
1.5378084265653346e+01 1.5393811805180304e+01 1.5413468556380778e+01 1.5437953709461288e+01 1.5468362504212781e+01 1.5506027533635864e+01 1.5552568473980388e+01 1.5609951898788038e+01 1.5680563148532277e+01 1.5767292600562710e+01 1.5873639128780622e+01 1.6003834074744216e+01 1.6162989692183590e+01 1.6357276801452500e+01 1.6594137332772508e+01 1.6882538589552837e+01 1.7233277478188956e+01 1.7659344692631112e+01 1.8174501244305247e+01 1.8767032135482250e+01 1.9440086893027850e+01 2.0236926037775181e+01 2.1193210551924420e+01 2.2341736800331191e+01 2.3722164894629067e+01 2.5382453895313851e+01 2.7380590846045138e+01 2.9786672488770431e+01 3.1009650366441001e+01 3.2556800187210627e+01 3.4460095966139818e+01 3.6756415097974504e+01 3.9488171398862200e+01 4.2704030708602268e+01 4.6459719152532919e+01 5.0795826377883387e+01 5.5712030604292309e+01
1.7402118537013504e+01 1.7416315778753802e+01 1.7434127867053782e+01 1.7456389949909997e+01 1.7484120397381517e+01 1.7518559613781584e+01 1.7561216815739673e+01 1.7613926353525908e+01 1.7678915452925537e+01 1.7758885610575458e+01 1.7857110298240489e+01 1.7977552135170342e+01 1.8125003290498199e+01 1.8305253602786941e+01 1.8525291781035595e+01 1.8793546118684549e+01 1.9120172457330266e+01 1.9517398739541452e+01 1.9999937462929267e+01 2.0583373541471879e+01 2.1254439256234146e+01 2.2016701576514702e+01 2.2919154829472085e+01 2.4002186550786931e+01 2.5302939978645060e+01 2.6866331828035069e+01 2.8746677716404360e+01 3.1009650366441001e+01 3.3734637234458141e+01 3.5119710208437965e+01 3.6871921301190831e+01 3.9027482405784092e+01 4.1628158695362714e+01 4.4721985569047042e+01 4.8364079101046471e+01 5.2617551430639914e+01 5.7528372010281934e+01
1.9695858447071185e+01 1.9708618214354399e+01 1.9724697177186499e+01 1.9744870103095373e+01 1.9770082831691393e+01 1.9801488709140564e+01 1.9840492544575131e+01 1.9888803588181482e+01 1.9948499317427004e+01 2.0022102157531652e+01 2.0112671665049476e+01 2.0223915181998105e+01 2.0360320538394056e+01 2.0527315063769869e+01 2.0731455989506070e+01 2.0980658317283627e+01 2.1284467437640018e+01 2.1654385260773388e+01 2.2104260436842107e+01 2.2650755477239901e+01 2.3311520940940152e+01 2.4071530588090972e+01 2.4934824158792942e+01 2.5956889752761231e+01 2.7183467922771364e+01 2.8656624920647339e+01 3.0427230781854682e+01 3.2556800187210627e+01 3.5119710208437965e+01 3.8205870419716241e+01 3.9774522787249964e+01 4.1758974242661637e+01 4.4200236250949942e+01 4.7145609596236042e+01 5.0649496352613610e+01 5.4774317751253790e+01 5.9591550897377637e+01
2.2294963712178024e+01 2.2306373428709620e+01 2.2320824392329595e+01 2.2339034482041750e+01 2.2361881154081068e+01 2.2390435610883795e+01 2.2426004064633609e+01 2.2470177519712674e+01 2.2524891772575018e+01 2.2592499652283745e+01 2.2675857909614848e+01 2.2778431618771826e+01 2.2904419497759051e+01 2.3058904199485610e+01 2.3248032398878053e+01 2.3479230431387840e+01 2.3761462363428176e+01 2.4105538744152025e+01 2.4524485962061956e+01 2.5033988185621425e+01 2.5652916397398034e+01 2.6401260584664669e+01 2.7262002909977685e+01 2.8239718545903465e+01 2.9397250057868749e+01 3.0786400511669751e+01 3.2454811675470772e+01 3.4460095966139818e+01 3.6871921301190831e+01 3.9774522787249964e+01 4.3269726731703336e+01 4.5046290347047552e+01 4.7293763608216402e+01 5.0058593693715835e+01 5.3394350695802189e+01 5.7362647211016565e+01 6.2034177862602974e+01
2.5239825572770272e+01 2.5249967523874314e+01 2.5262889499240526e+01 2.5279255812583919e+01 2.5299879491535577e+01 2.5325754291533851e+01 2.5358093393594686e+01 2.5398376136982449e+01 2.5448404399892539e+01 2.5510370551786860e+01 2.5586939268786875e+01 2.5681345939173490e+01 2.5797514902642234e+01 2.5940201380803739e+01 2.6115161688068127e+01 2.6329357187740527e+01 2.6591198511539904e+01 2.6910837835030989e+01 2.7300518551768992e+01 2.7774993584920320e+01 2.8352025903263641e+01 2.9052987674214297e+01 2.9900518384248219e+01 3.0875344629365909e+01 3.1982647981522756e+01 3.3293600242414747e+01 3.4866870524307657e+01 3.6756415097974504e+01 3.9027482405784092e+01 4.1758974242661637e+01 4.5046290347047552e+01 4.9004753219026071e+01 5.1016784912400645e+01 5.3562141235375591e+01 5.6693425536581181e+01 6.0471308158754262e+01 6.4965567913011469e+01
2.8576193656952743e+01 2.8585145248412815e+01 2.8596631427054401e+01 2.8611266098030026e+01 2.8629801624068151e+01 2.8653158792551352e+01 2.8682463072570712e+01 2.8719088441749552e+01 2.8764710312923896e+01 2.8821369387594899e+01 2.8891548614756253e+01 2.8978265850207013e+01 2.9085185304845865e+01 2.9216751455512700e+01 2.9378349787144248e+01 2.9576499563633000e+01 2.9819084816531795e+01 3.0115630933748896e+01 3.0477635673550040e+01 3.0918965184974191e+01 3.1456327763026568e+01 3.2109840703728793e+01 3.2903708869673089e+01 3.3863572414647301e+01 3.4967603412338370e+01 3.6221670207063205e+01 3.7706377804716368e+01 3.9488171398862200e+01 4.1628158695362714e+01 4.4200236250949942e+01 4.7293763608216402e+01 5.1016784912400645e+01 5.5499907659414774e+01 5.7778616679558354e+01 6.0661337877112921e+01 6.4207646717717651e+01 6.8486254871126505e+01
3.2355885933831786e+01 3.2363719946306695e+01 3.2373857993471596e+01 3.2386866565336419e+01 3.2403440934849982e+01 3.2424433183886251e+01 3.2450886142198463e+01 3.2484074450031194e+01 3.2525554193808958e+01 3.2577222847788477e+01 3.2641391590731715e+01 3.2720872464957445e+01 3.2819083316841265e+01 3.2940174016613369e+01 3.3089178117919182e+01 3.3272194904951675e+01 3.3496607713413482e+01 3.3771345534768159e+01 3.4107196264364674e+01 3.4517181588470613e+01 3.5017005493754674e+01 3.5625590814616018e+01 3.6365721219948291e+01 3.7264809716664800e+01 3.8351894838257138e+01 3.9602255556351651e+01 4.1022538013338782e+01 4.2704030708602268e+01 4.4721985569047042e+01 4.7145609596236042e+01 5.0058593693715835e+01 5.3562141235375591e+01 5.7778616679558354e+01 6.2855938411453224e+01 6.5436670521977206e+01 6.8701471378274547e+01 7.2717812656551075e+01
3.6637592771077962e+01 3.6644377608436216e+01 3.6653249951227473e+01 3.6664731708496689e+01 3.6679464453584735e+01 3.6698235611831457e+01 3.6722010201163009e+01 3.6751969269359599e+01 3.6789556399160183e+01 3.6836533922730446e+01 3.6895050808060589e+01 3.6967724560585225e+01 3.7057739934410328e+01 3.7168967781765105e+01 3.7306108002137790e+01 3.7474861302993830e+01 3.7682135375674655e+01 3.7936292152907122e+01 3.8247444086426370e+01 3.8627808913418640e+01 3.9092134231574931e+01 3.9658205454610147e+01 4.0347453474281153e+01 4.1185681736920756e+01 4.2203936605430833e+01 4.3435105418722067e+01 4.4851190590808244e+01 4.6459719152532919e+01 4.8364079101046471e+01 5.0649496352613610e+01 5.3394350695802189e+01 5.6693425536581181e+01 6.0661337877112921e+01 6.5436670521977206e+01 7.1186947153671369e+01 7.4109732892181285e+01 7.7807254747684311e+01
4.1487787570725601e+01 4.1493587500989783e+01 4.1501271609614598e+01 4.1511319904387896e+01 4.1524323468865838e+01 4.1541008911363669e+01 4.1562268023611345e+01 4.1589193728280122e+01 4.1623123610776247e+01 4.1665692588193416e+01 4.1718896574520308e+01 4.1785169364790754e+01 4.1867475392052093e+01 4.1969421521907947e+01 4.2095391654432746e+01 4.2250708619973963e+01 4.2441828705261841e+01 4.2676575156132870e+01 4.2964418206874726e+01 4.3316810626874954e+01 4.3747589508274650e+01 4.4273457114758124e+01 4.4914556162164594e+01 4.5695158020829261e+01 4.6644486159797374e+01 4.7797701867740528e+01 4.9192051414720517e+01 5.0795826377883387e+01 5.2617551430639914e+01 5.4774317751253790e+01 5.7362647211016565e+01 6.0471308158754262e+01 6.4207646717717651e+01 6.8701471378274547e+01 7.4109732892181285e+01 8.0622158751132687e+01 8.3932334355334589e+01
4.6981758110221485e+01 4.6986633498130047e+01 4.6993202158779241e+01 4.7001904729266961e+01 4.7013284838244566e+01 4.7028011912260084e+01 4.7046908865250487e+01 4.7070985688194448e+01 4.7101480161171445e+01 4.7139907154916578e+01 4.7188118280585329e+01 4.7248373993231361e+01 4.7323430666283102e+01 4.7416645642642663e+01 4.7532103846624345e+01 4.7674770226183959e+01 4.7850673106603558e+01 4.8067124499347607e+01 4.8332984553544534e+01 4.8658978700789312e+01 4.9058077675586254e+01 4.9545952556466723e+01 5.0141519347109778e+01 5.0867590505402717e+01 5.1751654361025530e+01 5.2826807700044043e+01 5.4132872134572871e+01 5.5712030604292309e+01 5.7528372010281934e+01 5.9591550897377637e+01 6.2034177862602974e+01 6.4965567913011469e+01 6.8486254871126505e+01 7.2717812656551075e+01 7.7807254747684311e+01 8.3932334355334589e+01 9.1307925702466591e+01
