R367 fibers [[55, 52, 53, 52, 55, 50, 50], [54, 51, 55, 50, 51, 54, 52], [55, 52, 53, 52, 55, 50, 50], [53, 52, 55, 50, 51, 54, 52], [55, 51, 54, 52, 55, 50, 50]]
symdiff ['24635', '34035', '64246', '64340']
single_blocker 8 ['23546', '24635', '53235', '54606', '61655', '63505', '64246', '65531']
1120 unique 1120
1120 independent True
drop0 [161, 161, 161, 161, 161, 159, 156] max 161
drop1 [160, 161, 161, 159, 160, 158, 161] max 161
drop2 [158, 160, 159, 164, 158, 164, 157] max 164
drop3 [152, 162, 161, 161, 162, 162, 160] max 162
drop4 [154, 161, 159, 165, 160, 165, 156] max 165
drop5 [160, 162, 161, 161, 155, 159, 162] max 162
best_5_fiber 165
10D left fibers nonempty 710 max 367
