22 9.0685000000000004e-01
1.1195762911579943e+00 1.4033341020277501e+00 1.7590106341722436e+00 2.2048337645755112e+00 2.7636512451784294e+00 3.4641016151377544e+00 4.3420818820521054e+00 5.4425871885676234e+00 6.8220167444564472e+00 8.5510641996517993e+00 1.0718340585426494e+01 1.3434915493895932e+01 1.6840009224333002e+01 2.1108127610066923e+01 2.6458005174906134e+01 3.3163814942141151e+01 4.1569219381653056e+01 5.2104982584625269e+01 6.5311046262811487e+01 8.1864200933477363e+01 1.0261277039582158e+02 1.2862008702511793e+02
1.0665126623716985e+00 1.1622503429582647e+00 1.2999802450874129e+00 1.4879950847913910e+00 1.7360113486844928e+00 2.0491502981952516e+00 2.4430140255785604e+00 2.9500244454441864e+00 3.6005972473073795e+00 4.4298026675779507e+00 5.4816647416995528e+00 6.8114348694736586e+00 8.4884427673785918e+00 1.0599669012945515e+01 1.3254221022111031e+01 1.6588941187532789e+01 2.0775434357883132e+01 2.6028874845849810e+01 3.2619044491251969e+01 4.0884167698299329e+01 5.1248252710726234e+01 6.4242828056722900e+01
1.1622503429582647e+00 1.3368214396560516e+00 1.4568239379915657e+00 1.6294616314236632e+00 1.8651290337504591e+00 2.1760052855320242e+00 2.5685096373945275e+00 3.0621985485959873e+00 3.6977113027513298e+00 4.5131724784806426e+00 5.5525409011973847e+00 6.8709985453099804e+00 8.5378003371137829e+00 1.0639847684030807e+01 1.3286166484186584e+01 1.6613517545019779e+01 2.0793426110264285e+01 2.6040990461401318e+01 3.2625921071276622e+01 4.0886376276142940e+01 5.1246303817939840e+01 6.4237177284195553e+01
1.2999802450874129e+00 1.4568239379915657e+00 1.6756402662392820e+00 1.8260575263873804e+00 2.0424504282396452e+00 2.3378479862563646e+00 2.7275161572252244e+00 3.2195011577232560e+00 3.8383160525665310e+00 4.6349001953562379e+00 5.6570408800227154e+00 6.9598383433921542e+00 8.6124604904265869e+00 1.0701714982713030e+01 1.3336528482518853e+01 1.6653559618695073e+01 2.0824231371895404e+01 2.6063542242705655e+01 3.2641107402574249e+01 4.0894995732744626e+01 5.1249072162204889e+01 6.4234734442443767e+01
1.4879950847913910e+00 1.6294616314236632e+00 1.8260575263873804e+00 2.1003330875399921e+00 2.2888737634782768e+00 2.5601116782182674e+00 2.9303780638987078e+00 3.4188080504160014e+00 4.0354871765619444e+00 4.8111413697014580e+00 5.8096206171988358e+00 7.0908239538458053e+00 8.7238168305443509e+00 1.0795297831897974e+01 1.3414076114356698e+01 1.6716685919478770e+01 2.0874422152057711e+01 2.6102155130911886e+01 3.2669374957019429e+01 4.0914031055985177e+01 5.1259876229319943e+01 6.4238204426529691e+01
1.7360113486844928e+00 1.8651290337504591e+00 2.0424504282396452e+00 2.2888737634782768e+00 2.6326647595524695e+00 2.8689912718707085e+00 3.2089747267934858e+00 3.6730855247476688e+00 4.2853086148094652e+00 5.0582857263863552e+00 6.0305303060635884e+00 7.2820751889324402e+00 8.8880008843477825e+00 1.0934877555761746e+01 1.3531377636962466e+01 1.6813888081715504e+01 2.0953547881428953e+01 2.6165066818096950e+01 3.2717774323123855e+01 4.0949463052399480e+01 5.1283736075636412e+01 6.4251746796034027e+01
2.0491502981952516e+00 2.1760052855320242e+00 2.3378479862563646e+00 2.5601116782182674e+00 2.8689912718707085e+00 3.2999164643486538e+00 3.5961401844905305e+00 4.0222928104316047e+00 4.6040329875255344e+00 5.3714246758971145e+00 6.3403136648205862e+00 7.5589746751939790e+00 9.1277249499354909e+00 1.1140674233961500e+01 1.3706333991430325e+01 1.6960919800940456e+01 2.1075386035858390e+01 2.6264247048378206e+01 3.2796631044849882e+01 4.1010129289713795e+01 5.1328148349515210e+01 6.4281653945970547e+01
2.4430140255785604e+00 2.5685096373945275e+00 2.7275161572252244e+00 2.9303780638987078e+00 3.2089747267934858e+00 3.5961401844905305e+00 4.1362838288344905e+00 4.5075857683161260e+00 5.0417472340195753e+00 5.7709300824623408e+00 6.7328180166830895e+00 7.9472729582299166e+00 9.4748049077495882e+00 1.1441156620890228e+01 1.3964290058276857e+01 1.7180219030952959e+01 2.1259683101898194e+01 2.6416965213624547e+01 3.2920948610789665e+01 4.1108972332073854e+01 5.1404190509694239e+01 6.4337322558261590e+01
2.9500244454441864e+00 3.0621985485959873e+00 3.2195011577232560e+00 3.4188080504160014e+00 3.6730855247476688e+00 4.0222928104316047e+00 4.5075857683161260e+00 5.1846293982034783e+00 5.6500382121795969e+00 6.3195834738387608e+00 7.2335784967014414e+00 8.4392579587279482e+00 9.9615178067692209e+00 1.1876204365985915e+01 1.4340930028206584e+01 1.7503554339399219e+01 2.1534563956785412e+01 2.6647972568567557e+01 3.3112373358689275e+01 4.1264798318335075e+01 5.1528085427072824e+01 6.4432637685434131e+01
3.6005972473073795e+00 3.6977113027513298e+00 3.8383160525665310e+00 4.0354871765619444e+00 4.2853086148094652e+00 4.6040329875255344e+00 5.0417472340195753e+00 5.6500382121795969e+00 6.4986792756651885e+00 7.0820464523329267e+00 7.9212886781267233e+00 9.0669367190835199e+00 1.0578196932915164e+01 1.2486275170883525e+01 1.4886241090547486e+01 1.7975654113361387e+01 2.1939848945683291e+01 2.6992522270722102e+01 3.3401929775318507e+01 4.1504739873744164e+01 5.1723405676554265e+01 6.4587933902403364e+01
4.4298026675779507e+00 4.5131724784806426e+00 4.6349001953562379e+00 4.8111413697014580e+00 5.0582857263863552e+00 5.3714246758971145e+00 5.7709300824623408e+00 6.3195834738387608e+00 7.0820464523329267e+00 8.1457765028671645e+00 8.8769987156694139e+00 9.9289477830259205e+00 1.1364961547780675e+01 1.3259252282460414e+01 1.5650934994773364e+01 1.8659174848875047e+01 2.2531602913316402e+01 2.7500527174409431e+01 3.3833805968745992e+01 4.1867684674492381e+01 5.2024160676332691e+01 6.4832758278445098e+01
5.4816647416995528e+00 5.5525409011973847e+00 5.6570408800227154e+00 5.8096206171988358e+00 6.0305303060635884e+00 6.3403136648205862e+00 6.7328180166830895e+00 7.2335784967014414e+00 7.9212886781267233e+00 8.8769987156694139e+00 1.0210332287535612e+01 1.1126883553840321e+01 1.2445450239716438e+01 1.4245423232157394e+01 1.6619823983696836e+01 1.9617681242667086e+01 2.3388362711790954e+01 2.8242261819335539e+01 3.4470565259713460e+01 4.2409020351995743e+01 5.2479094225806861e+01 6.5209739955243450e+01
6.8114348694736586e+00 6.8709985453099804e+00 6.9598383433921542e+00 7.0908239538458053e+00 7.2820751889324402e+00 7.5589746751939790e+00 7.9472729582299166e+00 8.4392579587279482e+00 9.0669367190835199e+00 9.9289477830259205e+00 1.1126883553840321e+01 1.2798151948460383e+01 1.3947004115499176e+01 1.5599762941048956e+01 1.7855941017496693e+01 2.0832136184213912e+01 2.4589803578343020e+01 2.9316168306942728e+01 3.5400293345330240e+01 4.3207166967688551e+01 5.3157632010935401e+01 6.5779976900394630e+01
8.4884427673785918e+00 8.5378003371137829e+00 8.6124604904265869e+00 8.7238168305443509e+00 8.8880008843477825e+00 9.1277249499354909e+00 9.4748049077495882e+00 9.9615178067692209e+00 1.0578196932915164e+01 1.1364961547780675e+01 1.2445450239716438e+01 1.3947004115499176e+01 1.6041857275872619e+01 1.7481887255898787e+01 1.9553539577083956e+01 2.2381548405005510e+01 2.6112063426384292e+01 3.0822115648734332e+01 3.6746382583151849e+01 4.4372535633015957e+01 5.4158069741767711e+01 6.6630490814368613e+01
1.0599669012945515e+01 1.0639847684030807e+01 1.0701714982713030e+01 1.0795297831897974e+01 1.0934877555761746e+01 1.1140674233961500e+01 1.1441156620890228e+01 1.1876204365985915e+01 1.2486275170883525e+01 1.3259252282460414e+01 1.4245423232157394e+01 1.5599762941048956e+01 1.7481887255898787e+01 2.0107683194871385e+01 2.1912690316648565e+01 2.4509405138875742e+01 2.8054175835076375e+01 3.2730193886702693e+01 3.8634013892679071e+01 4.6059792630798370e+01 5.5618802344274854e+01 6.7884490560272582e+01
1.3254221022111031e+01 1.3286166484186584e+01 1.3336528482518853e+01 1.3414076114356698e+01 1.3531377636962466e+01 1.3706333991430325e+01 1.3964290058276857e+01 1.4340930028206584e+01 1.4886241090547486e+01 1.5650934994773364e+01 1.6619823983696836e+01 1.7855941017496693e+01 1.9553539577083956e+01 2.1912690316648565e+01 2.5203997050479902e+01 2.7466485161739321e+01 3.0721340138619208e+01 3.5164536766784494e+01 4.1025696604992021e+01 4.8425846118743330e+01 5.7733696436417503e+01 6.9715447406386019e+01
1.6588941187532789e+01 1.6613517545019779e+01 1.6653559618695073e+01 1.6716685919478770e+01 1.6813888081715504e+01 1.6960919800940456e+01 1.7180219030952959e+01 1.7503554339399219e+01 1.7975654113361387e+01 1.8659174848875047e+01 1.9617681242667086e+01 2.0832136184213912e+01 2.2381548405005510e+01 2.4509405138875742e+01 2.7466485161739321e+01 3.1591977114629636e+01 3.4427895262448502e+01 3.8507696721521832e+01 4.4077026296972029e+01 5.1423703377713579e+01 6.0699428716636270e+01 7.2366363672763057e+01
2.0775434357883132e+01 2.0793426110264285e+01 2.0824231371895404e+01 2.0874422152057711e+01 2.0953547881428953e+01 2.1075386035858390e+01 2.1259683101898194e+01 2.1534563956785412e+01 2.1939848945683291e+01 2.2531602913316402e+01 2.3388362711790954e+01 2.4589803578343020e+01 2.6112063426384292e+01 2.8054175835076375e+01 3.0721340138619208e+01 3.4427895262448502e+01 3.9598997572183848e+01 4.3153682213886370e+01 4.8267513725179256e+01 5.5248395850306409e+01 6.4457096110765377e+01 7.6083763977847028e+01
2.6028874845849810e+01 2.6040990461401318e+01 2.6063542242705655e+01 2.6102155130911886e+01 2.6165066818096950e+01 2.6264247048378206e+01 2.6416965213624547e+01 2.6647972568567557e+01 2.6992522270722102e+01 2.7500527174409431e+01 2.8242261819335539e+01 2.9316168306942728e+01 3.0822115648734332e+01 3.2730193886702693e+01 3.5164536766784494e+01 3.8507696721521832e+01 4.3153682213886370e+01 4.9635405946013883e+01 5.4091029219793512e+01 6.0500966808234899e+01 6.9251160989548083e+01 8.0793816200197071e+01
3.2619044491251969e+01 3.2625921071276622e+01 3.2641107402574249e+01 3.2669374957019429e+01 3.2717774323123855e+01 3.2796631044849882e+01 3.2920948610789665e+01 3.3112373358689275e+01 3.3401929775318507e+01 3.3833805968745992e+01 3.4470565259713460e+01 3.5400293345330240e+01 3.6746382583151849e+01 3.8634013892679071e+01 4.1025696604992021e+01 4.4077026296972029e+01 4.8267513725179256e+01 5.4091029219793512e+01 6.2215552778441740e+01 6.7800458546155156e+01 7.5835001686065127e+01 8.6802941960417286e+01
4.0884167698299329e+01 4.0886376276142940e+01 4.0894995732744626e+01 4.0914031055985177e+01 4.0949463052399480e+01 4.1010129289713795e+01 4.1108972332073854e+01 4.1264798318335075e+01 4.1504739873744164e+01 4.1867684674492381e+01 4.2409020351995743e+01 4.3207166967688551e+01 4.4372535633015957e+01 4.6059792630798370e+01 4.8425846118743330e+01 5.1423703377713579e+01 5.5248395850306409e+01 6.0500966808234899e+01 6.7800458546155156e+01 7.7984151307982273e+01 8.4984557427995128e+01 9.5055464137520673e+01
5.1248252710726234e+01 5.1246303817939840e+01 5.1249072162204889e+01 5.1259876229319943e+01 5.1283736075636412e+01 5.1328148349515210e+01 5.1404190509694239e+01 5.1528085427072824e+01 5.1723405676554265e+01 5.2024160676332691e+01 5.2479094225806861e+01 5.3157632010935401e+01 5.4158069741767711e+01 5.5618802344274854e+01 5.7733696436417503e+01 6.0699428716636270e+01 6.4457096110765377e+01 6.9251160989548083e+01 7.5835001686065127e+01 8.4984557427995128e+01 9.7749318034405988e+01 1.0652398458803297e+02
6.4242828056722900e+01 6.4237177284195553e+01 6.4234734442443767e+01 6.4238204426529691e+01 6.4251746796034027e+01 6.4281653945970547e+01 6.4337322558261590e+01 6.4432637685434131e+01 6.4587933902403364e+01 6.4832758278445098e+01 6.5209739955243450e+01 6.5779976900394630e+01 6.6630490814368613e+01 6.7884490560272582e+01 6.9715447406386019e+01 7.2366363672763057e+01 7.6083763977847028e+01 8.0793816200197071e+01 8.6802941960417286e+01 9.5055464137520673e+01 1.0652398458803297e+02 1.2252398745042736e+02
