24 9.0800000000000003e-01
1.1006941712522096e+00 1.3335214321633240e+00 1.6155980984398739e+00 1.9573417814876604e+00 2.3713737056616551e+00 2.8729848333536645e+00 3.4807005884284106e+00 4.2169650342858223e+00 5.1089697745069280e+00 6.1896581889126052e+00 7.4989420933245583e+00 9.0851757565168683e+00 1.1006941712522096e+01 1.3335214321633240e+01 1.6155980984398742e+01 1.9573417814876603e+01 2.3713737056616552e+01 2.8729848333536648e+01 3.4807005884284109e+01 4.2169650342858226e+01 5.1089697745069280e+01 6.1896581889126054e+01 7.4989420933245583e+01 9.0851757565168683e+01
1.0551626714044293e+00 1.1309979097713039e+00 1.2358833373497382e+00 1.3745338283348016e+00 1.5528041701677817e+00 1.7764480148215185e+00 2.0481296089882748e+00 2.3792567497543318e+00 2.7905028546459647e+00 3.2989554021620484e+00 3.9243923863847994e+00 4.6908143559351743e+00 5.6273377900292267e+00 6.7692781828174162e+00 8.1594622752305703e+00 9.8498174784215564e+00 1.1903296917034947e+01 1.4396211040785923e+01 1.7421051861506051e+01 2.1089914128401617e+01 2.5538639836597032e+01 3.0931839195661521e+01 3.7468973559398961e+01 4.5391725036378197e+01
1.1309979097713039e+00 1.2783587607588949e+00 1.3702352495390553e+00 1.4973068460374144e+00 1.6652857507482526e+00 1.8812652005920807e+00 2.1522159040721185e+00 2.4813656697454509e+00 2.8825353593061309e+00 3.3807713898856178e+00 3.9967757143015197e+00 4.7545099194166349e+00 5.6830513337075121e+00 6.8176753770662843e+00 8.2011677474343703e+00 9.8854142259783870e+00 1.1933326307551015e+01 1.4421173443856246e+01 1.7441407855366403e+01 2.1106086172617637e+01 2.5551014284660400e+01 3.0940768525791199e+01 3.7474778717795800e+01 4.5394697807635112e+01
1.2358833373497382e+00 1.3702352495390553e+00 1.5487669963095676e+00 1.6600779036444113e+00 1.8140286574282649e+00 2.0175397465515816e+00 2.2792048237327651e+00 2.6074690951237041e+00 3.0062431400680651e+00 3.4922713147742739e+00 4.0958980463466412e+00 4.8422043232113241e+00 5.7602202705972338e+00 6.8851738761927388e+00 8.2598022868668952e+00 9.9359415590694571e+00 1.1976452751773335e+01 1.4457554881038220e+01 1.7471650497111934e+01 2.1130748022198329e+01 2.5570607163524674e+01 3.0955760511880232e+01 3.7485596848220936e+01 4.5401730917595600e+01
1.3745338283348016e+00 1.4973068460374144e+00 1.6600779036444113e+00 1.8763740528001622e+00 2.0112302957433692e+00 2.1977458920192277e+00 2.4443052053297532e+00 2.7613196836319416e+00 3.1590209277616257e+00 3.6421467127549190e+00 4.2309832892842580e+00 4.9622937700717555e+00 5.8664644663014442e+00 6.9786661776216015e+00 8.3415785854745117e+00 1.0006978925342910e+01 1.2037668013329906e+01 1.4509803761031865e+01 1.7515727614518553e+01 2.1167387819143034e+01 2.5600485676404617e+01 3.0979497826536456e+01 3.7503760054025570e+01 4.5414837381820298e+01
1.5528041701677817e+00 1.6652857507482526e+00 1.8140286574282649e+00 2.0112302957433692e+00 2.2732790629004160e+00 2.4366611311648474e+00 2.6626299348186535e+00 2.9613433623868270e+00 3.3454151710356412e+00 3.8272412281697537e+00 4.4125614792857766e+00 5.1259532781632409e+00 6.0119561526822656e+00 7.1073839592860004e+00 8.4548470945244194e+00 1.0106053172926307e+01 1.2123731747366323e+01 1.4583967743537833e+01 1.7579028577763221e+01 2.1220788465993774e+01 2.5644875803809665e+01 3.1015696471289203e+01 3.7532518467273157e+01 4.5436842608021983e+01
1.7764480148215185e+00 1.8812652005920807e+00 2.0175397465515816e+00 2.1977458920192277e+00 2.4366611311648474e+00 2.7541404604851323e+00 2.9520823551114357e+00 3.2258498107252342e+00 3.5877493902278239e+00 4.0530630093053688e+00 4.6368086041713044e+00 5.3459402775537983e+00 6.2102341733326485e+00 7.2836511614368815e+00 8.6107922471681562e+00 1.0243281104491894e+01 1.2243762938571427e+01 1.4688236337727806e+01 1.7668880293843252e+01 2.1297479333782519e+01 2.5709572164457992e+01 3.1069476338410464e+01 3.7576374126595979e+01 4.5471684221089710e+01
2.0481296089882748e+00 2.1522159040721185e+00 2.2792048237327651e+00 2.4443052053297532e+00 2.6626299348186535e+00 2.9520823551114357e+00 3.3367173436258151e+00 3.5765294237669267e+00 3.9082062682754182e+00 4.3466576184888615e+00 4.9103979379378746e+00 5.6176218717205542e+00 6.4767545076330189e+00 7.5238704675529515e+00 8.8243448378830234e+00 1.0432212970148838e+01 1.2410018373199525e+01 1.4833657445770926e+01 1.7795204579630724e+01 2.1406337172988717e+01 2.5802485271948289e+01 3.1147857768748523e+01 3.7641529923090758e+01 4.5524816565346697e+01
2.3792567497543318e+00 2.4813656697454509e+00 2.6074690951237041e+00 2.7613196836319416e+00 2.9613433623868270e+00 3.2258498107252342e+00 3.5765294237669267e+00 4.0425253508283872e+00 4.3330643187925997e+00 4.7348999896412902e+00 5.2660959273879264e+00 5.9490829166845218e+00 6.8059042733063517e+00 7.8467672241447879e+00 9.1153771713792100e+00 1.0690937840371690e+01 1.2638914554039212e+01 1.5035080503220184e+01 1.7971386274173376e+01 2.1559382539176745e+01 2.5934369555005141e+01 3.1260424568322147e+01 3.7736491193868190e+01 4.5603754614920099e+01
2.7905028546459647e+00 2.8825353593061309e+00 3.0062431400680651e+00 3.1590209277616257e+00 3.3454151710356412e+00 3.5877493902278239e+00 3.9082062682754182e+00 4.3330643187925997e+00 4.8976312732358283e+00 5.2496272688338772e+00 5.7364622982906406e+00 6.3800208690218403e+00 7.2074784970381325e+00 8.2455412690891485e+00 9.5065755228716835e+00 1.1043531561957540e+01 1.2952366890289293e+01 1.5312394557261918e+01 1.8215415879358691e+01 2.1772831535059225e+01 2.6119788249166874e+01 3.1420206024983923e+01 3.7872868984994930e+01 4.5718802820965472e+01
3.2989554021620484e+00 3.3807713898856178e+00 3.4922713147742739e+00 3.6421467127549190e+00 3.8272412281697537e+00 4.0530630093053688e+00 4.3466576184888615e+00 4.7348999896412902e+00 5.2496272688338772e+00 5.9336157492895563e+00 6.3600686336830989e+00 6.9498827370592311e+00 7.7295717454475623e+00 8.7320595481325061e+00 9.9897013078649763e+00 1.1517479184800580e+01 1.3379543936249338e+01 1.5692150732290639e+01 1.8551389525956672e+01 2.2068480151265444e+01 2.6378387611384998e+01 3.1644845901387658e+01 3.8066448639076640e+01 4.5884028286938197e+01
3.9243923863847994e+00 3.9967757143015197e+00 4.0958980463466412e+00 4.2309832892842580e+00 4.4125614792857766e+00 4.6368086041713044e+00 4.9103979379378746e+00 5.2660959273879264e+00 5.7364622982906406e+00 6.3600686336830989e+00 7.1887395959384932e+00 7.7053990604832103e+00 8.4199751601726156e+00 9.3645899589637764e+00 1.0579131659354385e+01 1.2102799435916603e+01 1.3953744590064948e+01 1.6209687538602488e+01 1.9011474635538967e+01 2.2475521516689206e+01 2.6736574087154100e+01 3.1958146181218630e+01 3.8338606062570676e+01 4.6118555392005938e+01
4.6908143559351743e+00 4.7545099194166349e+00 4.8422043232113241e+00 4.9622937700717555e+00 5.1259532781632409e+00 5.3459402775537983e+00 5.6176218717205542e+00 5.9490829166845218e+00 6.3800208690218403e+00 6.9498827370592311e+00 7.7053990604832103e+00 8.7093568511579882e+00 9.3353040825461502e+00 1.0201032791514804e+01 1.1345459747000174e+01 1.2816910609581193e+01 1.4662876263447442e+01 1.6905347512302722e+01 1.9638484790744080e+01 2.3032927352271322e+01 2.7229715959570935e+01 3.2392099003559601e+01 3.8718178017041971e+01 4.6448281638070057e+01
5.6273377900292267e+00 5.6830513337075121e+00 5.7602202705972338e+00 5.8664644663014442e+00 6.0119561526822656e+00 6.2102341733326485e+00 6.4767545076330189e+00 6.8059042733063517e+00 7.2074784970381325e+00 7.7295717454475623e+00 8.4199751601726156e+00 9.3353040825461502e+00 1.0551626714044293e+01 1.1309979097713040e+01 1.2358833373497383e+01 1.3745338283348017e+01 1.5528041701677816e+01 1.7764480148215185e+01 2.0481296089882747e+01 2.3792567497543317e+01 2.7905028546459647e+01 3.2989554021620485e+01 3.9243923863847989e+01 4.6908143559351743e+01
6.7692781828174162e+00 6.8176753770662843e+00 6.8851738761927388e+00 6.9786661776216015e+00 7.1073839592860004e+00 7.2836511614368815e+00 7.5238704675529515e+00 7.8467672241447879e+00 8.2455412690891485e+00 8.7320595481325061e+00 9.3645899589637764e+00 1.0201032791514804e+01 1.1309979097713040e+01 1.2783587607588949e+01 1.3702352495390555e+01 1.4973068460374144e+01 1.6652857507482526e+01 1.8812652005920807e+01 2.1522159040721185e+01 2.4813656697454508e+01 2.8825353593061308e+01 3.3807713898856179e+01 3.9967757143015199e+01 4.7545099194166347e+01
8.1594622752305703e+00 8.2011677474343703e+00 8.2598022868668952e+00 8.3415785854745117e+00 8.4548470945244194e+00 8.6107922471681562e+00 8.8243448378830234e+00 9.1153771713792100e+00 9.5065755228716835e+00 9.9897013078649763e+00 1.0579131659354385e+01 1.1345459747000174e+01 1.2358833373497383e+01 1.3702352495390555e+01 1.5487669963095676e+01 1.6600779036444113e+01 1.8140286574282651e+01 2.0175397465515815e+01 2.2792048237327652e+01 2.6074690951237042e+01 3.0062431400680655e+01 3.4922713147742741e+01 4.0958980463466411e+01 4.8422043232113246e+01
9.8498174784215564e+00 9.8854142259783870e+00 9.9359415590694571e+00 1.0006978925342910e+01 1.0106053172926307e+01 1.0243281104491894e+01 1.0432212970148838e+01 1.0690937840371690e+01 1.1043531561957540e+01 1.1517479184800580e+01 1.2102799435916603e+01 1.2816910609581193e+01 1.3745338283348017e+01 1.4973068460374144e+01 1.6600779036444113e+01 1.8763740528001623e+01 2.0112302957433691e+01 2.1977458920192277e+01 2.4443052053297532e+01 2.7613196836319418e+01 3.1590209277616257e+01 3.6421467127549185e+01 4.2309832892842579e+01 4.9622937700717557e+01
1.1903296917034947e+01 1.1933326307551015e+01 1.1976452751773335e+01 1.2037668013329906e+01 1.2123731747366323e+01 1.2243762938571427e+01 1.2410018373199525e+01 1.2638914554039212e+01 1.2952366890289293e+01 1.3379543936249338e+01 1.3953744590064948e+01 1.4662876263447442e+01 1.5528041701677816e+01 1.6652857507482526e+01 1.8140286574282651e+01 2.0112302957433691e+01 2.2732790629004160e+01 2.4366611311648477e+01 2.6626299348186535e+01 2.9613433623868271e+01 3.3454151710356413e+01 3.8272412281697534e+01 4.4125614792857768e+01 5.1259532781632409e+01
1.4396211040785923e+01 1.4421173443856246e+01 1.4457554881038220e+01 1.4509803761031865e+01 1.4583967743537833e+01 1.4688236337727806e+01 1.4833657445770926e+01 1.5035080503220184e+01 1.5312394557261918e+01 1.5692150732290639e+01 1.6209687538602488e+01 1.6905347512302722e+01 1.7764480148215185e+01 1.8812652005920807e+01 2.0175397465515815e+01 2.1977458920192277e+01 2.4366611311648477e+01 2.7541404604851326e+01 2.9520823551114358e+01 3.2258498107252343e+01 3.5877493902278239e+01 4.0530630093053688e+01 4.6368086041713049e+01 5.3459402775537981e+01
1.7421051861506051e+01 1.7441407855366403e+01 1.7471650497111934e+01 1.7515727614518553e+01 1.7579028577763221e+01 1.7668880293843252e+01 1.7795204579630724e+01 1.7971386274173376e+01 1.8215415879358691e+01 1.8551389525956672e+01 1.9011474635538967e+01 1.9638484790744080e+01 2.0481296089882747e+01 2.1522159040721185e+01 2.2792048237327652e+01 2.4443052053297532e+01 2.6626299348186535e+01 2.9520823551114358e+01 3.3367173436258149e+01 3.5765294237669266e+01 3.9082062682754184e+01 4.3466576184888616e+01 4.9103979379378742e+01 5.6176218717205543e+01
2.1089914128401617e+01 2.1106086172617637e+01 2.1130748022198329e+01 2.1167387819143034e+01 2.1220788465993774e+01 2.1297479333782519e+01 2.1406337172988717e+01 2.1559382539176745e+01 2.1772831535059225e+01 2.2068480151265444e+01 2.2475521516689206e+01 2.3032927352271322e+01 2.3792567497543317e+01 2.4813656697454508e+01 2.6074690951237042e+01 2.7613196836319418e+01 2.9613433623868271e+01 3.2258498107252343e+01 3.5765294237669266e+01 4.0425253508283866e+01 4.3330643187925993e+01 4.7348999896412906e+01 5.2660959273879271e+01 5.9490829166845216e+01
2.5538639836597032e+01 2.5551014284660400e+01 2.5570607163524674e+01 2.5600485676404617e+01 2.5644875803809665e+01 2.5709572164457992e+01 2.5802485271948289e+01 2.5934369555005141e+01 2.6119788249166874e+01 2.6378387611384998e+01 2.6736574087154100e+01 2.7229715959570935e+01 2.7905028546459647e+01 2.8825353593061308e+01 3.0062431400680655e+01 3.1590209277616257e+01 3.3454151710356413e+01 3.5877493902278239e+01 3.9082062682754184e+01 4.3330643187925993e+01 4.8976312732358288e+01 5.2496272688338777e+01 5.7364622982906404e+01 6.3800208690218398e+01
3.0931839195661521e+01 3.0940768525791199e+01 3.0955760511880232e+01 3.0979497826536456e+01 3.1015696471289203e+01 3.1069476338410464e+01 3.1147857768748523e+01 3.1260424568322147e+01 3.1420206024983923e+01 3.1644845901387658e+01 3.1958146181218630e+01 3.2392099003559601e+01 3.2989554021620485e+01 3.3807713898856179e+01 3.4922713147742741e+01 3.6421467127549185e+01 3.8272412281697534e+01 4.0530630093053688e+01 4.3466576184888616e+01 4.7348999896412906e+01 5.2496272688338777e+01 5.9336157492895559e+01 6.3600686336830989e+01 6.9498827370592309e+01
3.7468973559398961e+01 3.7474778717795800e+01 3.7485596848220936e+01 3.7503760054025570e+01 3.7532518467273157e+01 3.7576374126595979e+01 3.7641529923090758e+01 3.7736491193868190e+01 3.7872868984994930e+01 3.8066448639076640e+01 3.8338606062570676e+01 3.8718178017041971e+01 3.9243923863847989e+01 3.9967757143015199e+01 4.0958980463466411e+01 4.2309832892842579e+01 4.4125614792857768e+01 4.6368086041713049e+01 4.9103979379378742e+01 5.2660959273879271e+01 5.7364622982906404e+01 6.3600686336830989e+01 7.1887395959384932e+01 7.7053990604832109e+01
4.5391725036378197e+01 4.5394697807635112e+01 4.5401730917595600e+01 4.5414837381820298e+01 4.5436842608021983e+01 4.5471684221089710e+01 4.5524816565346697e+01 4.5603754614920099e+01 4.5718802820965472e+01 4.5884028286938197e+01 4.6118555392005938e+01 4.6448281638070057e+01 4.6908143559351743e+01 4.7545099194166347e+01 4.8422043232113246e+01 4.9622937700717557e+01 5.1259532781632409e+01 5.3459402775537981e+01 5.6176218717205543e+01 5.9490829166845216e+01 6.3800208690218398e+01 6.9498827370592309e+01 7.7053990604832109e+01 8.7093568511579875e+01
