24 9.0730000000000000e-01
1.1090876906620013e+00 1.3642616018213660e+00 1.6781447796010296e+00 2.0642447882007695e+00 2.5391769514827538e+00 3.1233793723470802e+00 3.8419924605516411e+00 4.7259408183398142e+00 5.8132640414509176e+00 7.1507537048459779e+00 8.7959669787519683e+00 1.0819703528435467e+01 1.3309052287944017e+01 1.6371139221856392e+01 2.0137737355212355e+01 2.4770937458409236e+01 3.0470123417793047e+01 3.7480552468164966e+01 4.6103909526619695e+01 5.6711289820077766e+01 6.9759168497411011e+01 8.5809044458151732e+01 1.0555160374502361e+02 1.2983644234122559e+02
1.0601710999953866e+00 1.1446324942330137e+00 1.2635665686128592e+00 1.4231008003765246e+00 1.6309703107798954e+00 1.8921401812187111e+00 2.2133988919371816e+00 2.6151067772278744e+00 3.1219984673517902e+00 3.7572509724066201e+00 4.5494237665119490e+00 5.5336973947300683e+00 6.7533988256044957e+00 8.2618780694976852e+00 1.0124815962050578e+01 1.2423061864161426e+01 1.5256123093469812e+01 1.8746456141027302e+01 2.3044744355213492e+01 2.8336389296011863e+01 3.4849495222547013e+01 4.2864690438662706e+01 5.2727208261534713e+01 6.4861747605475770e+01
1.1446324942330137e+00 1.3040905018259792e+00 1.4079843940446486e+00 1.5542822857178851e+00 1.7505214365115691e+00 2.0062166296152406e+00 2.3274752900369999e+00 2.7226477610453501e+00 3.2167787911389567e+00 3.8402938431414047e+00 4.6217023894663969e+00 5.5961347396806236e+00 6.8068656205380904e+00 8.3071904747751280e+00 1.0162733843360918e+01 1.2454288113403278e+01 1.5281304103384780e+01 1.8766183327359641e+01 2.3059556515469421e+01 2.8346775563654337e+01 3.4855898389546006e+01 4.2867510455011612e+01 5.2726805762781261e+01 6.4858447360022296e+01
1.2635665686128592e+00 1.4079843940446486e+00 1.6041297833530217e+00 1.7319271153503646e+00 1.9118845684153121e+00 2.1532735410420449e+00 2.4677979349729009e+00 2.8629703441124983e+00 3.3490623211785908e+00 3.9568807978427474e+00 4.7238513906701334e+00 5.6850429033537964e+00 6.8836682691950912e+00 8.3729586695847029e+00 1.0218471523191521e+01 1.2500929970426542e+01 1.5319714747708256e+01 1.8797157870861760e+01 2.3083822444170806e+01 2.8364995639169848e+01 3.4868674282967390e+01 4.2875386833895199e+01 5.2730274595817377e+01 6.4857952256164651e+01
1.4231008003765246e+00 1.5542822857178851e+00 1.7319271153503646e+00 1.9732007542706496e+00 2.1304011220387968e+00 2.3517623771001865e+00 2.6486890396449616e+00 3.0355777925260643e+00 3.5216696934889198e+00 4.1195995279358888e+00 4.8672621479181837e+00 5.8106938876537670e+00 6.9930320235753785e+00 8.4674317264611911e+00 1.0299371368672862e+01 1.2569491525123913e+01 1.5377087753567240e+01 1.8844405863597533e+01 2.3121923471429220e+01 2.8394844563685524e+01 3.4891086351568802e+01 4.2891102147454717e+01 5.2739963136554728e+01 6.4862219182715307e+01
1.6309703107798954e+00 1.7505214365115691e+00 1.9118845684153121e+00 2.1304011220387968e+00 2.4271859154163034e+00 2.6205542372757504e+00 2.8928452950107633e+00 3.2580875095601076e+00 3.7339898878627604e+00 4.3319196286970021e+00 5.0674184721045101e+00 5.9870999473809823e+00 7.1475922216145351e+00 8.6019574019224265e+00 1.0415580361873703e+01 1.2669004443455551e+01 1.5461423642624823e+01 1.8914978992786054e+01 2.3180042069981223e+01 2.8441711704053461e+01 3.4927802782483383e+01 4.2918670684070648e+01 5.2759294158826769e+01 6.4874136819361127e+01
1.8921401812187111e+00 2.0062166296152406e+00 2.1532735410420449e+00 2.3517623771001865e+00 2.6205542372757504e+00 2.9856219420374406e+00 3.2234795783114634e+00 3.5584181388192202e+00 4.0076936405394221e+00 4.5930894991358171e+00 5.3285882273926024e+00 6.2333073390491061e+00 7.3645849947205066e+00 8.7920781156676728e+00 1.0581057100129902e+01 1.2811950279519785e+01 1.5583832045953152e+01 1.9018718504156926e+01 2.3266852347548010e+01 2.8513201968550796e+01 3.4985452903866459e+01 4.2963834666390916e+01 5.2793205540442656e+01 6.4897915436355746e+01
2.2133988919371816e+00 2.3274752900369999e+00 2.4677979349729009e+00 2.6486890396449616e+00 2.8928452950107633e+00 3.2234795783114634e+00 3.6725404198163889e+00 3.9651232720117391e+00 4.3771229911658756e+00 4.9297657810881503e+00 5.6498468878143617e+00 6.5545658578267805e+00 7.6674386765037079e+00 9.0589956107527687e+00 1.0814919933210930e+01 1.3015499161991672e+01 1.5759666217520129e+01 1.9169290082768011e+01 2.3394459779445949e+01 2.8619985164618125e+01 3.5073391327111928e+01 4.3034748668597842e+01 5.2848760648829170e+01 6.4939628996241751e+01
2.6151067772278744e+00 2.7226477610453501e+00 2.8629703441124983e+00 3.0355777925260643e+00 3.2580875095601076e+00 3.5584181388192202e+00 3.9651232720117391e+00 4.5175020136611792e+00 4.8774010134988197e+00 5.3841917763353262e+00 6.0639841355529889e+00 6.9497382669663779e+00 8.0626109114103865e+00 9.4315285064883891e+00 1.1143248605925333e+01 1.3303168104629714e+01 1.6010046712036566e+01 1.9385579390256147e+01 2.3579674190131655e+01 2.8776951940925489e+01 3.5204742721001679e+01 4.3142919569031235e+01 5.2935990225946412e+01 6.5007965974277738e+01
3.1219984673517902e+00 3.2167787911389567e+00 3.3490623211785908e+00 3.5216696934889198e+00 3.7339898878627604e+00 4.0076936405394221e+00 4.3771229911658756e+00 4.8774010134988197e+00 5.5568685734037784e+00 5.9995715175860695e+00 6.6229624214044316e+00 7.4591583513571402e+00 8.5487028123732411e+00 9.9176201931315990e+00 1.1601492195991753e+01 1.3707037162714627e+01 1.6363901232091138e+01 1.9693566303635315e+01 2.3845726369391230e+01 2.9004779650790034e+01 3.5397823707726900e+01 4.3304491701278543e+01 5.3069048600985845e+01 6.5115264940451581e+01
3.7572509724066201e+00 3.8402938431414047e+00 3.9568807978427474e+00 4.1195995279358888e+00 4.3319196286970021e+00 4.5930894991358171e+00 4.9297657810881503e+00 5.3841917763353262e+00 5.9995715175860695e+00 6.8353679198599933e+00 7.3799259677458808e+00 8.1467438489329602e+00 9.1753279802317795e+00 1.0515549933965840e+01 1.2199421673196648e+01 1.4270711378443444e+01 1.6860690667902237e+01 2.0128834081292492e+01 2.4224573527577508e+01 2.9332043919702876e+01 3.5678068993123205e+01 4.3541995893642067e+01 5.3267794523247268e+01 6.5278936788399591e+01
4.5494237665119490e+00 4.6217023894663969e+00 4.7238513906701334e+00 4.8672621479181837e+00 5.0674184721045101e+00 5.3285882273926024e+00 5.6498468878143617e+00 6.0639841355529889e+00 6.6229624214044316e+00 7.3799259677458808e+00 8.4080186498332257e+00 9.0778661659030142e+00 1.0021110058790439e+01 1.1286346204127312e+01 1.2934920401453432e+01 1.5006209782416226e+01 1.7554052513796126e+01 2.0739922597713626e+01 2.4759985759240962e+01 2.9798054529345645e+01 3.6080628754163776e+01 4.3886718754761766e+01 5.3559942612745715e+01 6.5523409279206874e+01
5.5336973947300683e+00 5.5961347396806236e+00 5.6850429033537964e+00 5.8106938876537670e+00 5.9870999473809823e+00 6.2333073390491061e+00 6.5545658578267805e+00 6.9497382669663779e+00 7.4591583513571402e+00 8.1467438489329602e+00 9.0778661659030142e+00 1.0342497791602618e+01 1.1166460813592309e+01 1.2326722022019144e+01 1.3883058013169920e+01 1.5910928752428646e+01 1.8458771084914737e+01 2.1592810020850028e+01 2.5511670775030577e+01 3.0456652000901695e+01 3.6653856990424799e+01 4.4381897656349089e+01 5.3983977760421809e+01 6.5882773488100312e+01
6.7533988256044957e+00 6.8068656205380904e+00 6.8836682691950912e+00 6.9930320235753785e+00 7.1475922216145351e+00 7.3645849947205066e+00 7.6674386765037079e+00 8.0626109114103865e+00 8.5487028123732411e+00 9.1753279802317795e+00 1.0021110058790439e+01 1.1166460813592309e+01 1.2722053199944641e+01 1.3735589930796163e+01 1.5162798823354310e+01 1.7077209604518295e+01 1.9571643729358744e+01 2.2705682174624531e+01 2.6560786703246183e+01 3.1381281326734491e+01 3.7463981608221481e+01 4.5087011668879441e+01 5.4593085198143385e+01 6.6404368736760816e+01
8.2618780694976852e+00 8.3071904747751280e+00 8.3729586695847029e+00 8.4674317264611911e+00 8.6019574019224265e+00 8.7920781156676728e+00 9.0589956107527687e+00 9.4315285064883891e+00 9.9176201931315990e+00 1.0515549933965840e+01 1.1286346204127312e+01 1.2326722022019144e+01 1.3735589930796163e+01 1.5649086021911751e+01 1.6895812728535780e+01 1.8651387428614619e+01 2.1006257238138829e+01 2.4074599555382889e+01 2.7929703480444001e+01 3.2671773132544203e+01 3.8601345493667480e+01 4.6083526117696856e+01 5.5460428673596766e+01 6.7153616876167476e+01
1.0124815962050578e+01 1.0162733843360918e+01 1.0218471523191521e+01 1.0299371368672862e+01 1.0415580361873703e+01 1.0581057100129902e+01 1.0814919933210930e+01 1.1143248605925333e+01 1.1601492195991753e+01 1.2199421673196648e+01 1.2934920401453432e+01 1.3883058013169920e+01 1.5162798823354310e+01 1.6895812728535780e+01 1.9249557400236259e+01 2.0783125384204375e+01 2.2942614820983746e+01 2.5839282492504537e+01 2.9613575219674811e+01 3.4355644129349976e+01 4.0188747854143088e+01 4.7482569574112965e+01 5.6686216688041604e+01 6.8220514840245556e+01
1.2423061864161426e+01 1.2454288113403278e+01 1.2500929970426542e+01 1.2569491525123913e+01 1.2669004443455551e+01 1.2811950279519785e+01 1.3015499161991672e+01 1.3303168104629714e+01 1.3707037162714627e+01 1.4270711378443444e+01 1.5006209782416226e+01 1.5910928752428646e+01 1.7077209604518295e+01 1.8651387428614619e+01 2.0783125384204375e+01 2.3678409051247794e+01 2.5564813464465562e+01 2.8221148525202238e+01 3.1784268475739541e+01 3.6426933510312772e+01 4.2260036321867034e+01 4.9435194335230669e+01 5.8407145775018201e+01 6.9728326651845208e+01
1.5256123093469812e+01 1.5281304103384780e+01 1.5319714747708256e+01 1.5377087753567240e+01 1.5461423642624823e+01 1.5583832045953152e+01 1.5759666217520129e+01 1.6010046712036566e+01 1.6363901232091138e+01 1.6860690667902237e+01 1.7554052513796126e+01 1.8458771084914737e+01 1.9571643729358744e+01 2.1006257238138829e+01 2.2942614820983746e+01 2.5564813464465562e+01 2.9126230984995644e+01 3.1446650847309005e+01 3.4714143540129157e+01 3.9097050114721291e+01 4.4807878654353125e+01 5.1983035544364022e+01 6.0809021665254122e+01 7.1845199368571784e+01
1.8746456141027302e+01 1.8766183327359641e+01 1.8797157870861760e+01 1.8844405863597533e+01 1.8914978992786054e+01 1.9018718504156926e+01 1.9169290082768011e+01 1.9385579390256147e+01 1.9693566303635315e+01 2.0128834081292492e+01 2.0739922597713626e+01 2.1592810020850028e+01 2.2705682174624531e+01 2.4074599555382889e+01 2.5839282492504537e+01 2.8221148525202238e+01 3.1446650847309005e+01 3.5827463304449289e+01 3.8681754939737559e+01 4.2701017665830641e+01 4.8092323686473073e+01 5.5117073989629809e+01 6.3943058728711222e+01 7.4799688068589276e+01
2.3044744355213492e+01 2.3059556515469421e+01 2.3083822444170806e+01 2.3121923471429220e+01 2.3180042069981223e+01 2.3266852347548010e+01 2.3394459779445949e+01 2.3579674190131655e+01 2.3845726369391230e+01 2.4224573527577508e+01 2.4759985759240962e+01 2.5511670775030577e+01 2.6560786703246183e+01 2.7929703480444001e+01 2.9613575219674811e+01 3.1784268475739541e+01 3.4714143540129157e+01 3.8681754939737559e+01 4.4070485037796665e+01 4.7581479264140867e+01 5.2525475893990510e+01 5.9157189373057804e+01 6.7798162653772337e+01 7.8654790293921366e+01
2.8336389296011863e+01 2.8346775563654337e+01 2.8364995639169848e+01 2.8394844563685524e+01 2.8441711704053461e+01 2.8513201968550796e+01 2.8619985164618125e+01 2.8776951940925489e+01 2.9004779650790034e+01 2.9332043919702876e+01 2.9798054529345645e+01 3.0456652000901695e+01 3.1381281326734491e+01 3.2671773132544203e+01 3.4355644129349976e+01 3.6426933510312772e+01 3.9097050114721291e+01 4.2701017665830641e+01 4.7581479264140867e+01 5.4210024163934158e+01 5.8528812161985833e+01 6.4610301316023921e+01 7.2767809626635866e+01 8.3396859203596534e+01
3.4849495222547013e+01 3.4855898389546006e+01 3.4868674282967390e+01 3.4891086351568802e+01 3.4927802782483383e+01 3.4985452903866459e+01 3.5073391327111928e+01 3.5204742721001679e+01 3.5397823707726900e+01 3.5678068993123205e+01 3.6080628754163776e+01 3.6653856990424799e+01 3.7463981608221481e+01 3.8601345493667480e+01 4.0188747854143088e+01 4.2260036321867034e+01 4.4807878654353125e+01 4.8092323686473073e+01 5.2525475893990510e+01 5.8528812161985833e+01 6.6682422880845337e+01 7.1994858211032835e+01 7.9475549056853183e+01 8.9509900216285672e+01
4.2864690438662706e+01 4.2867510455011612e+01 4.2875386833895199e+01 4.2891102147454717e+01 4.2918670684070648e+01 4.2963834666390916e+01 4.3034748668597842e+01 4.3142919569031235e+01 4.3304491701278543e+01 4.3541995893642067e+01 4.3886718754761766e+01 4.4381897656349089e+01 4.5087011668879441e+01 4.6083526117696856e+01 4.7482569574112965e+01 4.9435194335230669e+01 5.1983035544364022e+01 5.5117073989629809e+01 5.9157189373057804e+01 6.4610301316023921e+01 7.1994858211032835e+01 8.2024415038319916e+01 8.8559111612950574e+01 9.7760926187195537e+01
5.2727208261534713e+01 5.2726805762781261e+01 5.2730274595817377e+01 5.2739963136554728e+01 5.2759294158826769e+01 5.2793205540442656e+01 5.2848760648829170e+01 5.2935990225946412e+01 5.3069048600985845e+01 5.3267794523247268e+01 5.3559942612745715e+01 5.3983977760421809e+01 5.4593085198143385e+01 5.5460428673596766e+01 5.6686216688041604e+01 5.8407145775018201e+01 6.0809021665254122e+01 6.3943058728711222e+01 6.7798162653772337e+01 7.2767809626635866e+01 7.9475549056853183e+01 8.8559111612950574e+01 1.0089622379799872e+02 1.0893439399083616e+02
6.4861747605475770e+01 6.4858447360022296e+01 6.4857952256164651e+01 6.4862219182715307e+01 6.4874136819361127e+01 6.4897915436355746e+01 6.4939628996241751e+01 6.5007965974277738e+01 6.5115264940451581e+01 6.5278936788399591e+01 6.5523409279206874e+01 6.5882773488100312e+01 6.6404368736760816e+01 6.7153616876167476e+01 6.8220514840245556e+01 6.9728326651845208e+01 7.1845199368571784e+01 7.4799688068589276e+01 7.8654790293921366e+01 8.3396859203596534e+01 8.9509900216285672e+01 9.7760926187195537e+01 1.0893439399083616e+02 1.2410997349923140e+02
