22 9.0720000000000001e-01
1.1103363181676380e+00 1.3688745095370809e+00 1.6876124757881479e+00 2.0805675382171707e+00 2.5650209056800453e+00 3.1622776601683795e+00 3.8986037025490727e+00 4.8063808630643905e+00 5.9255309755456782e+00 7.3052715426644541e+00 9.0062802021127855e+00 1.1103363181676379e+01 1.3688745095370811e+01 1.6876124757881477e+01 2.0805675382171707e+01 2.5650209056800453e+01 3.1622776601683793e+01 3.8986037025490724e+01 4.8063808630643905e+01 5.9255309755456778e+01 7.3052715426644539e+01 9.0062802021127851e+01
1.0609212301463220e+00 1.1466960861198325e+00 1.2677950085925329e+00 1.4305789033447889e+00 1.6430821504445414e+00 1.9100880094028891e+00 2.2392857493803535e+00 2.6525476940107233e+00 3.1750620760162596e+00 3.8312125900180973e+00 4.6511121868485485e+00 5.6719377066004615e+00 6.9395770268131383e+00 8.5106599593414920e+00 1.0455061304207735e+01 1.2858985559543084e+01 1.5828768644971753e+01 1.9495563730635791e+01 2.4021117273088933e+01 2.9604889373480798e+01 3.6492831722570678e+01 4.4988209298062941e+01
1.1466960861198325e+00 1.3079532793907589e+00 1.4137005309038142e+00 1.5629969426242305e+00 1.7636845365032294e+00 2.0256684718110112e+00 2.3548457744397386e+00 2.7606961348026524e+00 3.2701847757756912e+00 3.9143649279428030e+00 4.7232979497132046e+00 5.7341084943354916e+00 6.9926299079008887e+00 8.5554349106136449e+00 1.0492339381374306e+01 1.2889488239559423e+01 1.5853158419615303e+01 1.9514445813336238e+01 2.4035042178899335e+01 2.9614356107883186e+01 3.6498291335638875e+01 4.4990068602179257e+01
1.2677950085925329e+00 1.4137005309038142e+00 1.6125059358394549e+00 1.7428760900722851e+00 1.9269356844722008e+00 2.1743527302323984e+00 2.4973387706627981e+00 2.9031639349069587e+00 3.4035152283817647e+00 4.0316366381881457e+00 4.8258120384006631e+00 5.8231024767173203e+00 7.0692769608485655e+00 8.6208409820806864e+00 1.0547540034058857e+01 1.2935446395446899e+01 1.5890763549217692e+01 1.9544514667481266e+01 2.4058320892990459e+01 2.9631523382608577e+01 3.6509962368280021e+01 4.4996799468348996e+01
1.4305789033447889e+00 1.5629969426242305e+00 1.7428760900722851e+00 1.9879726853306496e+00 2.1486991048971533e+00 2.3756163757161186e+00 2.6806436738639667e+00 3.0788359606938882e+00 3.5791561912158429e+00 4.1960126519518779e+00 4.9703900840054276e+00 5.9494866367025283e+00 7.1789929018579679e+00 8.7153350513950727e+00 1.0628175696006714e+01 1.3003500340124122e+01 1.5947422911854337e+01 1.9590876028897867e+01 2.4095391181781913e+01 2.9660222469374222e+01 3.6531126986950326e+01 4.5011188062886561e+01
1.6430821504445414e+00 1.7636845365032294e+00 1.9269356844722008e+00 2.1486991048971533e+00 2.4508656432097800e+00 2.6490166855145416e+00 2.9287709029667952e+00 3.3048228129291926e+00 3.7957328754184414e+00 4.4125510402943364e+00 5.1730405166165294e+00 6.1277292088212691e+00 7.3348052014128564e+00 8.8505979915333324e+00 1.0744672401257567e+01 1.3102911753039288e+01 1.6031322995655820e+01 1.9660728339383319e+01 2.4152547635040467e+01 2.9705924454040947e+01 3.6566508562494320e+01 4.5037280794005781e+01
1.9100880094028891e+00 2.0256684718110112e+00 2.1743527302323984e+00 2.3756163757161186e+00 2.6490166855145416e+00 3.0215417170417593e+00 3.2658315834642320e+00 3.6107256582954093e+00 4.0743400293535119e+00 4.6795568992526837e+00 5.4399991626485695e+00 6.3775661339123895e+00 7.5545509752792128e+00 9.0426906770045470e+00 1.0911430875974368e+01 1.3246534336263547e+01 1.6153882031931612e+01 1.9764164284136896e+01 2.4238664828264952e+01 2.9776389601078826e+01 3.6622852105276721e+01 4.5080900854051514e+01
2.2392857493803535e+00 2.3548457744397386e+00 2.4973387706627981e+00 2.6806436738639667e+00 2.9287709029667952e+00 3.2658315834642320e+00 3.7250978539431148e+00 4.0262698192407980e+00 4.4514713548493035e+00 5.0230368205667695e+00 5.7691764652772966e+00 6.7066852302388584e+00 7.8625616137700334e+00 9.3136035378218587e+00 1.1148251716928225e+01 1.3452121978092487e+01 1.6330946665369890e+01 1.9915260792398669e+01 2.4366185495495507e+01 2.9882558901955534e+01 3.6709724832046675e+01 4.5150363807059414e+01
2.6525476940107233e+00 2.7606961348026524e+00 2.9031639349069587e+00 3.0788359606938882e+00 3.3048228129291926e+00 3.6107256582954093e+00 4.0262698192407980e+00 4.5924747433364068e+00 4.9637736187650150e+00 5.4879819455457204e+00 6.1926345663331848e+00 7.1125103944830190e+00 8.2683150185642393e+00 9.6933334491987360e+00 1.1482245754059770e+01 1.3744085779694379e+01 1.6584404719268282e+01 2.0133554348403550e+01 2.4552464333047116e+01 3.0039772340762202e+01 3.6840615308461366e+01 4.5257464565004192e+01
3.1750620760162596e+00 3.2701847757756912e+00 3.4035152283817647e+00 3.5791561912158429e+00 3.7957328754184414e+00 4.0743400293535119e+00 4.4514713548493035e+00 4.9637736187650150e+00 5.6618175132923287e+00 6.1195721212229941e+00 6.7658406476829676e+00 7.6345693336600995e+00 8.7686352490861950e+00 1.0193565211316789e+01 1.1950394537169377e+01 1.4155849239365097e+01 1.6944351340108280e+01 2.0446029283737513e+01 2.4821586831808947e+01 3.0269425598264760e+01 3.7034435383890646e+01 4.5418832462076068e+01
3.8312125900180973e+00 3.9143649279428030e+00 4.0316366381881457e+00 4.1960126519518779e+00 4.4125510402943364e+00 4.6795568992526837e+00 5.0230368205667695e+00 5.4879819455457204e+00 6.1195721212229941e+00 6.9801532605784349e+00 7.5444945364303369e+00 8.3412445820805434e+00 9.4122539100472409e+00 1.0810383376192684e+01 1.2567103634061979e+01 1.4733004940195546e+01 1.7451992578784711e+01 2.0889788301613301e+01 2.5206820536992797e+01 3.0601212393373785e+01 3.7317562653604924e+01 4.5657782910107464e+01
4.6511121868485485e+00 4.7232979497132046e+00 4.8258120384006631e+00 4.9703900840054276e+00 5.1730405166165294e+00 5.4399991626485695e+00 5.7691764652772966e+00 6.1926345663331848e+00 6.7658406476829676e+00 7.5444945364303369e+00 8.6054591881100304e+00 9.3012054899766223e+00 1.0283476185906798e+01 1.1603866543802580e+01 1.3327545897457865e+01 1.5493312739483851e+01 1.8163537102703931e+01 2.1515632147521867e+01 2.5753907395278972e+01 3.1076146510732880e+01 3.7726604922145015e+01 4.6006835441421849e+01
5.6719377066004615e+00 5.7341084943354916e+00 5.8231024767173203e+00 5.9494866367025283e+00 6.1277292088212691e+00 6.3775661339123895e+00 6.7066852302388584e+00 7.1125103944830190e+00 7.6345693336600995e+00 8.3412445820805434e+00 9.3012054899766223e+00 1.0609212301463220e+01 1.1466960861198324e+01 1.2677950085925330e+01 1.4305789033447887e+01 1.6430821504445415e+01 1.9100880094028891e+01 2.2392857493803536e+01 2.6525476940107232e+01 3.1750620760162597e+01 3.8312125900180973e+01 4.6511121868485489e+01
6.9395770268131383e+00 6.9926299079008887e+00 7.0692769608485655e+00 7.1789929018579679e+00 7.3348052014128564e+00 7.5545509752792128e+00 7.8625616137700334e+00 8.2683150185642393e+00 8.7686352490861950e+00 9.4122539100472409e+00 1.0283476185906798e+01 1.1466960861198324e+01 1.3079532793907589e+01 1.4137005309038141e+01 1.5629969426242306e+01 1.7636845365032297e+01 2.0256684718110112e+01 2.3548457744397385e+01 2.7606961348026523e+01 3.2701847757756916e+01 3.9143649279428033e+01 4.7232979497132042e+01
8.5106599593414920e+00 8.5554349106136449e+00 8.6208409820806864e+00 8.7153350513950727e+00 8.8505979915333324e+00 9.0426906770045470e+00 9.3136035378218587e+00 9.6933334491987360e+00 1.0193565211316789e+01 1.0810383376192684e+01 1.1603866543802580e+01 1.2677950085925330e+01 1.4137005309038141e+01 1.6125059358394548e+01 1.7428760900722850e+01 1.9269356844722008e+01 2.1743527302323983e+01 2.4973387706627982e+01 2.9031639349069589e+01 3.4035152283817645e+01 4.0316366381881451e+01 4.8258120384006631e+01
1.0455061304207735e+01 1.0492339381374306e+01 1.0547540034058857e+01 1.0628175696006714e+01 1.0744672401257567e+01 1.0911430875974368e+01 1.1148251716928225e+01 1.1482245754059770e+01 1.1950394537169377e+01 1.2567103634061979e+01 1.3327545897457865e+01 1.4305789033447887e+01 1.5629969426242306e+01 1.7428760900722850e+01 1.9879726853306494e+01 2.1486991048971536e+01 2.3756163757161186e+01 2.6806436738639665e+01 3.0788359606938883e+01 3.5791561912158429e+01 4.1960126519518781e+01 4.9703900840054281e+01
1.2858985559543084e+01 1.2889488239559423e+01 1.2935446395446899e+01 1.3003500340124122e+01 1.3102911753039288e+01 1.3246534336263547e+01 1.3452121978092487e+01 1.3744085779694379e+01 1.4155849239365097e+01 1.4733004940195546e+01 1.5493312739483851e+01 1.6430821504445415e+01 1.7636845365032297e+01 1.9269356844722008e+01 2.1486991048971536e+01 2.4508656432097798e+01 2.6490166855145418e+01 2.9287709029667951e+01 3.3048228129291928e+01 3.7957328754184417e+01 4.4125510402943362e+01 5.1730405166165298e+01
1.5828768644971753e+01 1.5853158419615303e+01 1.5890763549217692e+01 1.5947422911854337e+01 1.6031322995655820e+01 1.6153882031931612e+01 1.6330946665369890e+01 1.6584404719268282e+01 1.6944351340108280e+01 1.7451992578784711e+01 1.8163537102703931e+01 1.9100880094028891e+01 2.0256684718110112e+01 2.1743527302323983e+01 2.3756163757161186e+01 2.6490166855145418e+01 3.0215417170417592e+01 3.2658315834642316e+01 3.6107256582954093e+01 4.0743400293535124e+01 4.6795568992526839e+01 5.4399991626485694e+01
1.9495563730635791e+01 1.9514445813336238e+01 1.9544514667481266e+01 1.9590876028897867e+01 1.9660728339383319e+01 1.9764164284136896e+01 1.9915260792398669e+01 2.0133554348403550e+01 2.0446029283737513e+01 2.0889788301613301e+01 2.1515632147521867e+01 2.2392857493803536e+01 2.3548457744397385e+01 2.4973387706627982e+01 2.6806436738639665e+01 2.9287709029667951e+01 3.2658315834642316e+01 3.7250978539431152e+01 4.0262698192407981e+01 4.4514713548493035e+01 5.0230368205667695e+01 5.7691764652772967e+01
2.4021117273088933e+01 2.4035042178899335e+01 2.4058320892990459e+01 2.4095391181781913e+01 2.4152547635040467e+01 2.4238664828264952e+01 2.4366185495495507e+01 2.4552464333047116e+01 2.4821586831808947e+01 2.5206820536992797e+01 2.5753907395278972e+01 2.6525476940107232e+01 2.7606961348026523e+01 2.9031639349069589e+01 3.0788359606938883e+01 3.3048228129291928e+01 3.6107256582954093e+01 4.0262698192407981e+01 4.5924747433364068e+01 4.9637736187650148e+01 5.4879819455457202e+01 6.1926345663331844e+01
2.9604889373480798e+01 2.9614356107883186e+01 2.9631523382608577e+01 2.9660222469374222e+01 2.9705924454040947e+01 2.9776389601078826e+01 2.9882558901955534e+01 3.0039772340762202e+01 3.0269425598264760e+01 3.0601212393373785e+01 3.1076146510732880e+01 3.1750620760162597e+01 3.2701847757756916e+01 3.4035152283817645e+01 3.5791561912158429e+01 3.7957328754184417e+01 4.0743400293535124e+01 4.4514713548493035e+01 4.9637736187650148e+01 5.6618175132923291e+01 6.1195721212229941e+01 6.7658406476829683e+01
3.6492831722570678e+01 3.6498291335638875e+01 3.6509962368280021e+01 3.6531126986950326e+01 3.6566508562494320e+01 3.6622852105276721e+01 3.6709724832046675e+01 3.6840615308461366e+01 3.7034435383890646e+01 3.7317562653604924e+01 3.7726604922145015e+01 3.8312125900180973e+01 3.9143649279428033e+01 4.0316366381881451e+01 4.1960126519518781e+01 4.4125510402943362e+01 4.6795568992526839e+01 5.0230368205667695e+01 5.4879819455457202e+01 6.1195721212229941e+01 6.9801532605784345e+01 7.5444945364303365e+01
4.4988209298062941e+01 4.4990068602179257e+01 4.4996799468348996e+01 4.5011188062886561e+01 4.5037280794005781e+01 4.5080900854051514e+01 4.5150363807059414e+01 4.5257464565004192e+01 4.5418832462076068e+01 4.5657782910107464e+01 4.6006835441421849e+01 4.6511121868485489e+01 4.7232979497132042e+01 4.8258120384006631e+01 4.9703900840054281e+01 5.1730405166165298e+01 5.4399991626485694e+01 5.7691764652772967e+01 6.1926345663331844e+01 6.7658406476829683e+01 7.5444945364303365e+01 8.6054591881100308e+01
