26 9.0880000000000005e-01
1.0926008611173783e+00 1.3043213867190053e+00 1.5570684047537309e+00 1.8587918911465640e+00 2.2189823414589713e+00 2.6489692876105280e+00 3.1622776601683795e+00 3.7750532053243941e+00 4.5065703377454742e+00 5.3798384034436859e+00 6.4223254222293589e+00 7.6668220745462152e+00 9.1524731087738900e+00 1.0926008611173783e+01 1.3043213867190053e+01 1.5570684047537309e+01 1.8587918911465639e+01 2.2189823414589714e+01 2.6489692876105281e+01 3.1622776601683793e+01 3.7750532053243937e+01 4.5065703377454739e+01 5.3798384034436857e+01 6.4223254222293590e+01 7.6668220745462150e+01 9.1524731087738900e+01
1.0503901549968997e+00 1.1182430612757130e+00 1.2104035353711080e+00 1.3304616208192355e+00 1.4828043265435700e+00 1.6726828853863072e+00 1.9021593072021408e+00 2.1762124893630492e+00 2.5092550413219592e+00 2.9156610304311950e+00 3.4090200552621588e+00 4.0055855434634298e+00 4.7247900983188149e+00 5.5898614962565798e+00 6.6285583816106763e+00 7.8740485226111989e+00 9.3659570472068996e+00 1.1151617494254815e+01 1.3287564955056938e+01 1.5841318240777046e+01 1.8893507133987427e+01 2.2540411656611713e+01 2.6896993256766311e+01 3.2100513294200120e+01 3.8314852677299172e+01 4.5735668556728534e+01
1.1182430612757130e+00 1.2539312317221054e+00 1.3349324463101917e+00 1.4449514675746025e+00 1.5882740056315330e+00 1.7701371692608197e+00 1.9968097575696795e+00 2.2707533497576309e+00 2.5979116372088344e+00 2.9954900564343481e+00 3.4806480332858052e+00 4.0696085131080233e+00 4.7817744581756694e+00 5.6403440563766569e+00 6.6730460846500153e+00 7.9130181642072737e+00 9.3998552020193173e+00 1.1180860750256313e+01 1.3312540481975473e+01 1.5862384668610309e+01 1.8910995689804466e+01 2.2554627496619258e+01 2.6908216930290866e+01 3.2109002282278333e+01 3.8320842957659842e+01 4.5739376156889591e+01
1.2104035353711080e+00 1.3349324463101917e+00 1.4969138147460619e+00 1.5936111726718178e+00 1.7249493104015554e+00 1.8960444085651476e+00 2.1131484052940803e+00 2.3837448465341500e+00 2.7107723080354718e+00 3.1013262297380160e+00 3.5759460598591839e+00 4.1551163201658872e+00 4.8582035838705773e+00 5.7083706541168198e+00 6.7333109857353080e+00 7.9661265449391649e+00 9.4463762498926940e+00 1.1221327575668598e+01 1.3347450397917736e+01 1.5892199869260166e+01 1.8936144299276179e+01 2.2575504926050957e+01 2.6925187468034228e+01 3.2122400841566176e+01 3.8330976913339406e+01 4.5746527213661480e+01
1.3304616208192355e+00 1.4449514675746025e+00 1.5936111726718178e+00 1.7869807467034999e+00 1.9024157939107678e+00 2.0592041948988022e+00 2.2634535265983367e+00 2.5226272067161841e+00 2.8456589175996325e+00 3.2360566623390774e+00 3.7022908113975439e+00 4.2688808782906680e+00 4.9602808066204798e+00 5.7996099591180572e+00 6.8145195491328190e+00 8.0380693761700179e+00 9.5097757942897037e+00 1.1276863315967914e+01 1.3395758748859258e+01 1.5933874511476255e+01 1.8971736989380009e+01 2.2605526748609890e+01 2.6950110455628831e+01 3.2142659873121531e+01 3.8346971800449857e+01 4.5758624893239912e+01
1.4828043265435700e+00 1.5882740056315330e+00 1.7249493104015554e+00 1.9024157939107678e+00 2.1332558746080603e+00 2.2710595375992999e+00 2.4582298683905721e+00 2.7020579496592605e+00 3.0114534351311160e+00 3.3970811461168280e+00 3.8631288547647724e+00 4.4197082914803758e+00 5.0960902787648079e+00 5.9214673632879729e+00 6.9234389002495549e+00 8.1350142622611532e+00 9.5956594657518988e+00 1.1352548211164400e+01 1.3462056018408900e+01 1.5991543892429986e+01 1.9021487203809379e+01 2.2648016470671621e+01 2.6985949806141381e+01 3.2172412353553710e+01 3.8371156559104399e+01 4.5777719215859229e+01
1.6726828853863072e+00 1.7701371692608197e+00 1.8960444085651476e+00 2.0592041948988022e+00 2.2710595375992999e+00 2.5466310339072034e+00 2.7111378279288334e+00 2.9345773968494182e+00 3.2256536648620280e+00 3.5950027684702275e+00 4.0553561222427756e+00 4.6117129907512266e+00 5.2761445215608935e+00 6.0835935388574391e+00 7.0689094229675549e+00 8.2650396394550043e+00 9.7113900063011620e+00 1.1455074132060647e+01 1.3552406878425071e+01 1.6070688024227795e+01 1.9090331563734075e+01 2.2707407114577688e+01 2.7036673043851611e+01 3.2215196533049806e+01 3.8406674375277397e+01 4.5806590415826520e+01
1.9021593072021408e+00 1.9968097575696795e+00 2.1131484052940803e+00 2.2634535265983367e+00 2.4582298683905721e+00 2.7111378279288334e+00 3.0401086433435043e+00 3.2364930114498542e+00 3.5032299496619914e+00 3.8507099993728562e+00 4.2916303318984896e+00 4.8411894125670605e+00 5.5053552466498399e+00 6.2985380881489856e+00 7.2624518643728777e+00 8.4386989515337429e+00 9.8666112644252930e+00 1.1593230548101342e+01 1.3674799927961272e+01 1.6178546770473911e+01 1.9184811979603072e+01 2.2789591903369573e+01 2.7107572207283056e+01 3.2275748749420409e+01 3.8457749129394756e+01 4.5848990755138558e+01
2.1762124893630492e+00 2.2707533497576309e+00 2.3837448465341500e+00 2.5226272067161841e+00 2.7020579496592605e+00 2.9345773968494182e+00 3.2364930114498542e+00 3.6292106866976406e+00 3.8636497581408507e+00 4.1820740844609272e+00 4.5968876512675285e+00 5.1232480450935922e+00 5.7792988388377911e+00 6.5721644977905989e+00 7.5190476465809635e+00 8.6697453972638030e+00 1.0073921694801088e+01 1.1778530060347457e+01 1.3839727830333636e+01 1.6324656734118427e+01 1.9313571231476288e+01 2.2902380416933443e+01 2.7205682488447042e+01 3.2360386514641959e+01 3.8530034950902021e+01 4.5909962603585164e+01
2.5092550413219592e+00 2.5979116372088344e+00 2.7107723080354718e+00 2.8456589175996325e+00 3.0114534351311160e+00 3.2256536648620280e+00 3.5032299496619914e+00 3.8636497581408507e+00 4.3324669456400535e+00 4.6123348330341791e+00 4.9924623559487422e+00 5.4876571026687131e+00 6.1160138459418798e+00 6.8991919592919206e+00 7.8456964629673074e+00 8.9760634484262596e+00 1.0349739544864775e+01 1.2026012409713848e+01 1.4060934059774125e+01 1.6521543811537512e+01 1.9487993893196855e+01 2.3056090204224315e+01 2.7340326781393284e+01 3.2477508276607566e+01 3.8631073538030421e+01 4.5996255728827677e+01
2.9156610304311950e+00 2.9954900564343481e+00 3.1013262297380160e+00 3.2360566623390774e+00 3.3970811461168280e+00 3.5950027684702275e+00 3.8507099993728562e+00 4.1820740844609272e+00 4.6123348330341791e+00 5.1719978407049849e+00 5.5060975874420590e+00 5.9598849451702325e+00 6.5510368669042318e+00 7.3011544696874928e+00 8.2360942077067527e+00 9.3660091754719446e+00 1.0715414879278004e+01 1.2355277316487772e+01 1.4356372707684335e+01 1.6785614641245292e+01 1.9723033087275184e+01 2.3264311903571990e+01 2.7523821935064021e+01 3.2638243488466941e+01 3.8770890761701395e+01 4.6116873234053394e+01
3.4090200552621588e+00 3.4806480332858052e+00 3.5759460598591839e+00 3.7022908113975439e+00 3.8631288547647724e+00 4.0553561222427756e+00 4.2916303318984896e+00 4.5968876512675285e+00 4.9924623559487422e+00 5.5060975874420590e+00 6.1742102132311141e+00 6.5730506868885419e+00 7.1147714348497493e+00 7.8204747907203975e+00 8.7159476634618827e+00 9.8320568841198899e+00 1.1180922979761498e+01 1.2791811989161401e+01 1.4749441462327328e+01 1.7138302398180198e+01 2.0038274675538482e+01 2.3544896203350085e+01 2.7772392136043358e+01 3.2857295716786872e+01 3.8962772703120145e+01 4.6283783769781159e+01
4.0055855434634298e+00 4.0696085131080233e+00 4.1551163201658872e+00 4.2688808782906680e+00 4.4197082914803758e+00 4.6117129907512266e+00 4.8411894125670605e+00 5.1232480450935922e+00 5.4876571026687131e+00 5.9598849451702325e+00 6.5730506868885419e+00 7.3706279335900140e+00 7.8467543748125737e+00 8.4934479500607356e+00 9.3359001322786064e+00 1.0404894731046316e+01 1.1737279848269949e+01 1.3347524686047452e+01 1.5270566357863562e+01 1.7607538696060786e+01 2.0459305081586031e+01 2.3921224247915770e+01 2.8107347119150248e+01 3.3154033016542265e+01 3.9224272136603972e+01 4.6512847949413683e+01
4.7247900983188149e+00 4.7817744581756694e+00 4.8582035838705773e+00 4.9602808066204798e+00 5.0960902787648079e+00 5.2761445215608935e+00 5.5053552466498399e+00 5.7792988388377911e+00 6.1160138459418798e+00 6.5510368669042318e+00 7.1147714348497493e+00 7.8467543748125737e+00 8.7988834618877032e+00 9.3672720859218170e+00 1.0139279770399870e+01 1.1144979507292918e+01 1.2421120289420706e+01 1.4011690520130230e+01 1.5933963194910264e+01 1.8229645423767817e+01 2.1019468413440432e+01 2.4423840512106874e+01 2.8556598748374835e+01 3.3553894451401128e+01 3.9578510193777376e+01 4.6825019864928230e+01
5.5898614962565798e+00 5.6403440563766569e+00 5.7083706541168198e+00 5.7996099591180572e+00 5.9214673632879729e+00 6.0835935388574391e+00 6.2985380881489856e+00 6.5721644977905989e+00 6.8991919592919206e+00 7.3011544696874928e+00 7.8204747907203975e+00 8.4934479500607356e+00 9.3672720859218170e+00 1.0503901549968997e+01 1.1182430612757130e+01 1.2104035353711081e+01 1.3304616208192355e+01 1.4828043265435701e+01 1.6726828853863072e+01 1.9021593072021410e+01 2.1762124893630492e+01 2.5092550413219595e+01 2.9156610304311950e+01 3.4090200552621589e+01 4.0055855434634303e+01 4.7247900983188146e+01
6.6285583816106763e+00 6.6730460846500153e+00 6.7333109857353080e+00 6.8145195491328190e+00 6.9234389002495549e+00 7.0689094229675549e+00 7.2624518643728777e+00 7.5190476465809635e+00 7.8456964629673074e+00 8.2360942077067527e+00 8.7159476634618827e+00 9.3359001322786064e+00 1.0139279770399870e+01 1.1182430612757130e+01 1.2539312317221055e+01 1.3349324463101917e+01 1.4449514675746025e+01 1.5882740056315331e+01 1.7701371692608198e+01 1.9968097575696795e+01 2.2707533497576311e+01 2.5979116372088345e+01 2.9954900564343482e+01 3.4806480332858051e+01 4.0696085131080231e+01 4.7817744581756699e+01
7.8740485226111989e+00 7.9130181642072737e+00 7.9661265449391649e+00 8.0380693761700179e+00 8.1350142622611532e+00 8.2650396394550043e+00 8.4386989515337429e+00 8.6697453972638030e+00 8.9760634484262596e+00 9.3660091754719446e+00 9.8320568841198899e+00 1.0404894731046316e+01 1.1144979507292918e+01 1.2104035353711081e+01 1.3349324463101917e+01 1.4969138147460619e+01 1.5936111726718179e+01 1.7249493104015556e+01 1.8960444085651474e+01 2.1131484052940802e+01 2.3837448465341502e+01 2.7107723080354720e+01 3.1013262297380162e+01 3.5759460598591843e+01 4.1551163201658866e+01 4.8582035838705771e+01
9.3659570472068996e+00 9.3998552020193173e+00 9.4463762498926940e+00 9.5097757942897037e+00 9.5956594657518988e+00 9.7113900063011620e+00 9.8666112644252930e+00 1.0073921694801088e+01 1.0349739544864775e+01 1.0715414879278004e+01 1.1180922979761498e+01 1.1737279848269949e+01 1.2421120289420706e+01 1.3304616208192355e+01 1.4449514675746025e+01 1.5936111726718179e+01 1.7869807467034999e+01 1.9024157939107678e+01 2.0592041948988019e+01 2.2634535265983367e+01 2.5226272067161844e+01 2.8456589175996328e+01 3.2360566623390774e+01 3.7022908113975440e+01 4.2688808782906683e+01 4.9602808066204794e+01
1.1151617494254815e+01 1.1180860750256313e+01 1.1221327575668598e+01 1.1276863315967914e+01 1.1352548211164400e+01 1.1455074132060647e+01 1.1593230548101342e+01 1.1778530060347457e+01 1.2026012409713848e+01 1.2355277316487772e+01 1.2791811989161401e+01 1.3347524686047452e+01 1.4011690520130230e+01 1.4828043265435701e+01 1.5882740056315331e+01 1.7249493104015556e+01 1.9024157939107678e+01 2.1332558746080604e+01 2.2710595375992998e+01 2.4582298683905719e+01 2.7020579496592607e+01 3.0114534351311161e+01 3.3970811461168282e+01 3.8631288547647721e+01 4.4197082914803765e+01 5.0960902787648081e+01
1.3287564955056938e+01 1.3312540481975473e+01 1.3347450397917736e+01 1.3395758748859258e+01 1.3462056018408900e+01 1.3552406878425071e+01 1.3674799927961272e+01 1.3839727830333636e+01 1.4060934059774125e+01 1.4356372707684335e+01 1.4749441462327328e+01 1.5270566357863562e+01 1.5933963194910264e+01 1.6726828853863072e+01 1.7701371692608198e+01 1.8960444085651474e+01 2.0592041948988019e+01 2.2710595375992998e+01 2.5466310339072034e+01 2.7111378279288331e+01 2.9345773968494182e+01 3.2256536648620276e+01 3.5950027684702277e+01 4.0553561222427760e+01 4.6117129907512272e+01 5.2761445215608930e+01
1.5841318240777046e+01 1.5862384668610309e+01 1.5892199869260166e+01 1.5933874511476255e+01 1.5991543892429986e+01 1.6070688024227795e+01 1.6178546770473911e+01 1.6324656734118427e+01 1.6521543811537512e+01 1.6785614641245292e+01 1.7138302398180198e+01 1.7607538696060786e+01 1.8229645423767817e+01 1.9021593072021410e+01 1.9968097575696795e+01 2.1131484052940802e+01 2.2634535265983367e+01 2.4582298683905719e+01 2.7111378279288331e+01 3.0401086433435044e+01 3.2364930114498542e+01 3.5032299496619913e+01 3.8507099993728559e+01 4.2916303318984902e+01 4.8411894125670607e+01 5.5053552466498402e+01
1.8893507133987427e+01 1.8910995689804466e+01 1.8936144299276179e+01 1.8971736989380009e+01 1.9021487203809379e+01 1.9090331563734075e+01 1.9184811979603072e+01 1.9313571231476288e+01 1.9487993893196855e+01 1.9723033087275184e+01 2.0038274675538482e+01 2.0459305081586031e+01 2.1019468413440432e+01 2.1762124893630492e+01 2.2707533497576311e+01 2.3837448465341502e+01 2.5226272067161844e+01 2.7020579496592607e+01 2.9345773968494182e+01 3.2364930114498542e+01 3.6292106866976404e+01 3.8636497581408506e+01 4.1820740844609269e+01 4.5968876512675280e+01 5.1232480450935917e+01 5.7792988388377914e+01
2.2540411656611713e+01 2.2554627496619258e+01 2.2575504926050957e+01 2.2605526748609890e+01 2.2648016470671621e+01 2.2707407114577688e+01 2.2789591903369573e+01 2.2902380416933443e+01 2.3056090204224315e+01 2.3264311903571990e+01 2.3544896203350085e+01 2.3921224247915770e+01 2.4423840512106874e+01 2.5092550413219595e+01 2.5979116372088345e+01 2.7107723080354720e+01 2.8456589175996328e+01 3.0114534351311161e+01 3.2256536648620276e+01 3.5032299496619913e+01 3.8636497581408506e+01 4.3324669456400528e+01 4.6123348330341791e+01 4.9924623559487422e+01 5.4876571026687138e+01 6.1160138459418803e+01
2.6896993256766311e+01 2.6908216930290866e+01 2.6925187468034228e+01 2.6950110455628831e+01 2.6985949806141381e+01 2.7036673043851611e+01 2.7107572207283056e+01 2.7205682488447042e+01 2.7340326781393284e+01 2.7523821935064021e+01 2.7772392136043358e+01 2.8107347119150248e+01 2.8556598748374835e+01 2.9156610304311950e+01 2.9954900564343482e+01 3.1013262297380162e+01 3.2360566623390774e+01 3.3970811461168282e+01 3.5950027684702277e+01 3.8507099993728559e+01 4.1820740844609269e+01 4.6123348330341791e+01 5.1719978407049851e+01 5.5060975874420585e+01 5.9598849451702328e+01 6.5510368669042322e+01
3.2100513294200120e+01 3.2109002282278333e+01 3.2122400841566176e+01 3.2142659873121531e+01 3.2172412353553710e+01 3.2215196533049806e+01 3.2275748749420409e+01 3.2360386514641959e+01 3.2477508276607566e+01 3.2638243488466941e+01 3.2857295716786872e+01 3.3154033016542265e+01 3.3553894451401128e+01 3.4090200552621589e+01 3.4806480332858051e+01 3.5759460598591843e+01 3.7022908113975440e+01 3.8631288547647721e+01 4.0553561222427760e+01 4.2916303318984902e+01 4.5968876512675280e+01 4.9924623559487422e+01 5.5060975874420585e+01 6.1742102132311139e+01 6.5730506868885413e+01 7.1147714348497487e+01
3.8314852677299172e+01 3.8320842957659842e+01 3.8330976913339406e+01 3.8346971800449857e+01 3.8371156559104399e+01 3.8406674375277397e+01 3.8457749129394756e+01 3.8530034950902021e+01 3.8631073538030421e+01 3.8770890761701395e+01 3.8962772703120145e+01 3.9224272136603972e+01 3.9578510193777376e+01 4.0055855434634303e+01 4.0696085131080231e+01 4.1551163201658866e+01 4.2688808782906683e+01 4.4197082914803765e+01 4.6117129907512272e+01 4.8411894125670607e+01 5.1232480450935917e+01 5.4876571026687138e+01 5.9598849451702328e+01 6.5730506868885413e+01 7.3706279335900135e+01 7.8467543748125735e+01
4.5735668556728534e+01 4.5739376156889591e+01 4.5746527213661480e+01 4.5758624893239912e+01 4.5777719215859229e+01 4.5806590415826520e+01 4.5848990755138558e+01 4.5909962603585164e+01 4.5996255728827677e+01 4.6116873234053394e+01 4.6283783769781159e+01 4.6512847949413683e+01 4.6825019864928230e+01 4.7247900983188146e+01 4.7817744581756699e+01 4.8582035838705771e+01 4.9602808066204794e+01 5.0960902787648081e+01 5.2761445215608930e+01 5.5053552466498402e+01 5.7792988388377914e+01 6.1160138459418803e+01 6.5510368669042322e+01 7.1147714348497487e+01 7.8467543748125735e+01 8.7988834618877036e+01
