0 19
0 49
1 1
1 37
2 41
2 57
3 22
3 49
4 36
4 46
5 15
5 31
6 30
6 42
7 11
7 60
8 50
8 55
9 14
9 58
10 7
10 35
11 26
11 63
12 9
12 23
13 2
13 44
14 18
14 61
15 8
15 65
16 17
16 30
17 25
17 54
18 32
18 56
19 50
19 70
20 8
20 19
21 0
21 3
22 39
22 67
23 38
23 58
24 4
24 29
25 43
25 53
26 13
26 59
27 25
27 33
28 6
28 36
29 2
29 46
30 54
30 64
31 22
31 65
32 23
32 52
33 1
33 43
34 4
34 28
35 10
35 60
36 42
36 66
37 27
37 69
38 18
38 47
39 5
39 48
40 6
40 16
41 24
41 68
42 34
42 64
43 37
43 45
44 11
44 57
45 17
45 27
46 41
46 66
47 12
47 32
48 3
48 31
49 67
49 70
50 51
50 62
51 0
51 20
52 14
52 38
53 16
53 45
54 40
54 53
55 5
55 62
56 9
56 52
57 26
57 68
58 47
58 61
59 7
59 44
60 35
60 63
61 12
61 56
62 15
62 20
63 10
63 59
64 28
64 40
65 39
65 55
66 24
66 34
67 21
67 48
68 13
68 29
69 33
69 69
70 21
70 51
