33 9.1120000000000001e-01
1.0722672220103233e+00 1.2328467394420661e+00 1.4174741629268053e+00 1.6297508346206442e+00 1.8738174228603841e+00 2.1544346900318838e+00 2.4770763559917111e+00 2.8480358684358018e+00 3.2745491628777286e+00 3.7649358067924679e+00 4.3287612810830582e+00 4.9770235643321108e+00 5.7223676593502173e+00 6.5793322465756798e+00 7.5646332755462886e+00 8.6974900261778334e+00 1.0000000000000000e+01 1.1497569953977358e+01 1.3219411484660290e+01 1.5199110829529337e+01 1.7475284000076837e+01 2.0092330025650472e+01 2.3101297000831597e+01 2.6560877829466861e+01 3.0538555088334153e+01 3.5111917342151315e+01 4.0370172585965548e+01 4.6415888336127786e+01 5.3366992312063097e+01 6.1359072734131729e+01 7.0548023107186438e+01 8.1113083078968714e+01 9.3260334688321990e+01
1.0386507610963525e+00 1.0879034487542065e+00 1.1515667282726196e+00 1.2312576753545146e+00 1.3288726672257960e+00 1.4466282566030402e+00 1.5871080115681147e+00 1.7525861133849743e+00 1.9432604719147208e+00 2.1633904434936118e+00 2.4213571922299244e+00 2.7230239820033000e+00 3.0746384180361201e+00 3.4833971238441199e+00 3.9575873154969772e+00 4.5067497685078450e+00 5.1418663079829932e+00 5.8755754350159641e+00 6.7224202580388397e+00 7.6991335361099820e+00 8.8249653731361626e+00 1.0122059941288414e+01 1.1615888574340470e+01 1.3335747675988520e+01 1.5315331156005746e+01 1.7593388563239518e+01 2.0214481757583126e+01 2.3229854885991063e+01 2.6698434638052191e+01 3.0687980297860555e+01 3.5276406030620294e+01 4.0553301201670962e+01 4.6621678388013166e+01
1.0879034487542065e+00 1.1941959783457137e+00 1.2508246005224712e+00 1.3240219014987280e+00 1.4156471253760075e+00 1.5278806451357065e+00 1.6632709577693763e+00 1.8247885387522302e+00 2.0150481439013035e+00 2.2342773214638556e+00 2.4873732961833901e+00 2.7839723701229757e+00 3.1308158719440922e+00 3.5350870294556573e+00 4.0050602108881295e+00 4.5502637008899960e+00 5.1816670728490211e+00 5.9118967570033751e+00 6.7554839583966997e+00 7.7291497176836073e+00 8.8521326416437578e+00 1.0146565671906092e+01 1.1637909225331549e+01 1.3355449146108588e+01 1.5332869179326899e+01 1.7608909133450499e+01 2.0228121573335159e+01 2.3241741809121116e+01 2.6708688157242495e+01 3.0696711991269723e+01 3.5283720022093064e+01 4.0559294606196552e+01 4.6626441743092592e+01
1.1515667282726196e+00 1.2508246005224712e+00 1.3730351799788274e+00 1.4381443344662896e+00 1.5223034433079743e+00 1.6276501854157601e+00 1.7566914598775840e+00 1.9123574189372323e+00 2.0980633875519890e+00 2.3168156995137470e+00 2.5688759800115837e+00 2.8598748474523772e+00 3.2008917075429055e+00 3.5996774500699820e+00 4.0644910414564439e+00 4.6048459944577580e+00 5.2316975210026628e+00 5.9576579648302710e+00 6.7972446524338190e+00 7.7671649384637922e+00 8.8866439563831623e+00 1.0177801428918549e+01 1.1666084860536557e+01 1.3380767543628792e+01 1.5355521082417066e+01 1.7629073598449441e+01 2.0245966457507791e+01 2.3257424282697951e+01 2.6722355230265030e+01 3.0708501046686219e+01 3.5293759347671923e+01 4.0567703919056655e+01 4.6633332701872142e+01
1.2312576753545146e+00 1.3240219014987280e+00 1.4381443344662896e+00 1.5786568031078458e+00 1.6535165089442376e+00 1.7502790330614040e+00 1.8714021867421919e+00 2.0197682947497131e+00 2.1987463201238411e+00 2.4122630566257701e+00 2.6637750575632295e+00 2.9535831283275322e+00 3.2881611118204028e+00 3.6802476322580593e+00 4.1387543293934455e+00 4.6731770076459744e+00 5.2944538948570505e+00 6.0151808225778050e+00 6.8498589212506422e+00 7.8151795885656350e+00 8.9303522224067695e+00 1.0217481054460553e+01 1.1701998390668173e+01 1.3413162677305525e+01 1.5384631087078182e+01 1.7655117782486435e+01 2.0269150692198782e+01 2.3277941563107500e+01 2.6740386263965135e+01 3.0724214859500492e+01 3.5307313896606175e+01 4.0579246703870027e+01 4.6643001368159531e+01
1.3288726672257960e+00 1.4156471253760075e+00 1.5223034433079743e+00 1.6535165089442376e+00 1.8150717027054719e+00 1.9011421731642799e+00 2.0123955621603340e+00 2.1516577554094551e+00 2.3222427259710385e+00 2.5280239626674157e+00 2.7735163240950036e+00 3.0626940065993296e+00 3.3959028632833088e+00 3.7805862403103050e+00 4.2313904599846577e+00 4.7585617424527786e+00 5.3730179552728172e+00 6.0873354024226822e+00 6.9159962293411379e+00 7.8756732121955144e+00 8.9855574022429376e+00 1.0267734939077899e+01 1.1747620317709854e+01 1.3454454509803778e+01 1.5421877618639851e+01 1.7688587213981613e+01 2.0299095174984739e+01 2.3304597799126405e+01 2.6763976150642552e+01 3.0744946166631440e+01 3.5325380962813753e+01 4.0594831141326637e+01 4.6656272765745072e+01
1.4466282566030402e+00 1.5278806451357065e+00 1.6276501854157601e+00 1.7502790330614040e+00 1.9011421731642799e+00 2.0868913873340955e+00 2.1858515128412845e+00 2.3137658751012031e+00 2.4738835559838113e+00 2.6700148191967088e+00 2.9066132356099659e+00 3.1888697954780443e+00 3.5213538588502979e+00 3.9044630727511849e+00 4.3467554765011984e+00 4.8650707816266028e+00 5.4711896514171210e+00 6.1776649804725601e+00 6.9989564622677705e+00 7.9517150448293359e+00 9.0551103691883483e+00 1.0331207480776724e+01 1.1805400073094559e+01 1.3506908639563475e+01 1.5469353191907508e+01 1.7731411674198942e+01 2.0337576887978305e+01 2.3339026677683130e+01 2.6794624344476265e+01 3.0772068803859440e+01 3.5349216928211298e+01 4.0615603877085114e+01 4.6674191081730150e+01
1.5871080115681147e+00 1.6632709577693763e+00 1.7566914598775840e+00 1.8714021867421919e+00 2.0123955621603340e+00 2.1858515128412845e+00 2.3994179712226624e+00 2.5131980677899906e+00 2.6602685006101723e+00 2.8443649242918130e+00 3.0698682161870368e+00 3.3418989005582054e+00 3.6664253547634287e+00 4.0487012324839418e+00 4.4891837311678140e+00 4.9977125163906715e+00 5.5936491642803166e+00 6.2905385748645344e+00 7.1028135265219436e+00 8.0470991529765588e+00 9.1425399982019488e+00 1.0411176491072878e+01 1.1878378071928458e+01 1.3573341317509410e+01 1.5529662694536221e+01 1.7785997046673952e+01 2.0386814610687313e+01 2.3383271296392369e+01 2.6834209188440553e+01 3.0807306779116054e+01 3.5380401370097829e+01 4.0643009445043006e+01 4.6698074679982014e+01
1.7525861133849743e+00 1.8247885387522302e+00 1.9123574189372323e+00 2.0197682947497131e+00 2.1516577554094551e+00 2.3137658751012031e+00 2.5131980677899906e+00 2.7587475972962991e+00 2.8895670592616147e+00 3.0586623182127912e+00 3.2703284691684633e+00 3.5296024565102142e+00 3.8423716388287987e+00 4.2154981997428767e+00 4.6550225643238461e+00 5.1614703985359025e+00 5.7461549267069953e+00 6.4313372564319931e+00 7.2325907312698021e+00 8.1665095391242648e+00 9.2522085437939925e+00 1.0511699318636294e+01 1.1970323000931494e+01 1.3657248282178813e+01 1.5606044130727565e+01 1.7855338319210272e+01 2.0449574524536843e+01 2.3439882712514507e+01 2.6885079748310211e+01 3.0852819730375728e+01 3.5420916478652771e+01 4.0678863975249612e+01 4.6729584423454440e+01
1.9432604719147208e+00 2.0150481439013035e+00 2.0980633875519890e+00 2.1987463201238411e+00 2.3222427259710385e+00 2.4738835559838113e+00 2.6602685006101723e+00 2.8895670592616147e+00 3.1718893485281154e+00 3.3222999400569049e+00 3.5167183969246119e+00 3.7600830346748091e+00 4.0581851153456512e+00 4.4177936706612737e+00 4.8467985442409347e+00 5.3521447570656484e+00 5.9344366972549931e+00 6.6066818236205318e+00 7.3944750003447659e+00 8.3157217881262806e+00 9.3895014705904636e+00 1.0637791496105841e+01 1.2085899825119693e+01 1.3762962607491403e+01 1.5702516750318800e+01 1.7943158409789795e+01 2.0529300137705260e+01 2.3512041362493562e+01 2.6950169120016007e+01 3.0911308512445661e+01 3.5473245312744773e+01 4.0725446504729959e+01 4.6770808420376191e+01
2.1633904434936118e+00 2.2342773214638556e+00 2.3168156995137470e+00 2.4122630566257701e+00 2.5280239626674157e+00 2.6700148191967088e+00 2.8443649242918130e+00 3.0586623182127912e+00 3.3222999400569049e+00 3.6469019670977678e+00 3.8198375968899048e+00 4.0433715777079842e+00 4.3231817723937089e+00 4.6659267249876297e+00 5.0793891770666404e+00 5.5726405315245771e+00 6.1536658748175448e+00 6.8231601064139635e+00 7.5960786430747769e+00 8.5018493589400688e+00 9.5610592976795594e+00 1.0795644999108713e+01 1.2230875188230236e+01 1.3895847869607637e+01 1.5824062535360703e+01 1.8054078479029162e+01 2.0630271901185527e+01 2.3603706443946322e+01 2.7033134032607883e+01 3.0986145472890446e+01 3.5540493199081979e+01 4.0785611947788247e+01 4.6824367009509537e+01
2.4213571922299244e+00 2.4873732961833901e+00 2.5688759800115837e+00 2.6637750575632295e+00 2.7735163240950036e+00 2.9066132356099659e+00 3.0698682161870368e+00 3.2703284691684633e+00 3.5167183969246119e+00 3.8198375968899048e+00 4.1930510482004220e+00 4.3918849983074448e+00 4.6488947564621341e+00 4.9706084851856485e+00 5.3646818920677743e+00 5.8400632386799183e+00 6.4071824339573391e+00 7.0752203869117993e+00 7.8449760630682137e+00 8.7336445574665653e+00 9.7750607742590994e+00 1.0992894810919635e+01 1.2412368357555826e+01 1.4062534307504313e+01 1.5976848295064105e+01 1.8193826595642200e+01 2.0757803026723494e+01 2.3719799435345408e+01 2.7138526601241900e+01 3.1081534961515519e+01 3.5626537517867675e+01 4.0862930675530158e+01 4.6893542648547012e+01
2.7230239820033000e+00 2.7839723701229757e+00 2.8598748474523772e+00 2.9535831283275322e+00 3.0626940065993296e+00 3.1888697954780443e+00 3.3418989005582054e+00 3.5296024565102142e+00 3.7600830346748091e+00 4.0433715777079842e+00 4.3918849983074448e+00 4.8209897747282433e+00 5.0496004997863571e+00 5.3450992671101920e+00 5.7149918772255424e+00 6.1680805334884852e+00 6.7146535622373928e+00 7.3667028242319414e+00 8.1347841338325164e+00 9.0198161072404677e+00 1.0041568925264546e+01 1.1238944505642408e+01 1.2639157708526321e+01 1.4271207348553315e+01 1.6168497193073737e+01 1.8369493091658345e+01 2.0918479401392990e+01 2.3866429239063628e+01 2.7272005330219645e+01 3.1202710804565413e+01 3.5736212249701765e+01 4.0961860732968240e+01 4.6982440396643526e+01
3.0746384180361201e+00 3.1308158719440922e+00 3.2008917075429055e+00 3.2881611118204028e+00 3.3959028632833088e+00 3.5213538588502979e+00 3.6664253547634287e+00 3.8423716388287987e+00 4.0581851153456512e+00 4.3231817723937089e+00 4.6488947564621341e+00 5.0496004997863571e+00 5.5429667182347524e+00 5.8058134985932677e+00 6.1455652734552544e+00 6.5708518894813057e+00 7.0917937415549837e+00 7.7202199048547682e+00 8.4699181051769319e+00 9.3530249639244474e+00 1.0370596666500902e+01 1.1545364116591434e+01 1.2922055066249305e+01 1.4531959991313354e+01 1.6408420481770747e+01 1.8589842752805186e+01 2.1120453184044560e+01 2.4051168024835032e+01 2.7440593972778469e+01 3.1356178906944375e+01 3.5875535022921596e+01 4.1087960023112856e+01 4.7096185922238064e+01
3.4833971238441199e+00 3.5350870294556573e+00 3.5996774500699820e+00 3.6802476322580593e+00 3.7805862403103050e+00 3.9044630727511849e+00 4.0487012324839418e+00 4.2154981997428767e+00 4.4177936706612737e+00 4.6659267249876297e+00 4.9706084851856485e+00 5.3450992671101920e+00 5.8058134985932677e+00 6.3730647595472369e+00 6.6752746839822112e+00 7.0659066638285779e+00 7.5548829256535610e+00 8.1538394642707246e+00 8.8763768416156115e+00 9.7383475918731133e+00 1.0753705880401789e+01 1.1923666063757851e+01 1.3274363157465002e+01 1.4857223207334892e+01 1.6708222656852548e+01 1.8865696232343403e+01 2.1373801748381663e+01 2.4283388794325617e+01 2.7652998684040423e+01 3.1550014878070989e+01 3.6051986047202220e+01 4.1248147356240572e+01 4.7241169463196520e+01
3.9575873154969772e+00 4.0050602108881295e+00 4.0644910414564439e+00 4.1387543293934455e+00 4.2313904599846577e+00 4.3467554765011984e+00 4.4891837311678140e+00 4.6550225643238461e+00 4.8467985442409347e+00 5.0793891770666404e+00 5.3646818920677743e+00 5.7149918772255424e+00 6.1455652734552544e+00 6.6752746839822112e+00 7.3274757894122251e+00 7.6749437641099574e+00 8.1240756155643847e+00 8.6862794931810932e+00 9.3749339633953923e+00 1.0205676367434011e+01 1.1196733267370806e+01 1.2364148562441724e+01 1.3709318467592174e+01 1.5262291899745362e+01 1.7082196314818876e+01 1.9210395880379160e+01 2.1690966216185537e+01 2.4574678078446173e+01 2.7919996138238869e+01 3.1794228680699856e+01 3.6274850310964759e+01 4.1451023155752324e+01 4.7425345970034222e+01
4.5067497685078450e+00 4.5502637008899960e+00 4.6048459944577580e+00 4.6731770076459744e+00 4.7585617424527786e+00 4.8650707816266028e+00 4.9977125163906715e+00 5.1614703985359025e+00 5.3521447570656484e+00 5.5726405315245771e+00 5.8400632386799183e+00 6.1680805334884852e+00 6.5708518894813057e+00 7.0659066638285779e+00 7.6749437641099574e+00 8.4248165474842516e+00 8.8243202820696531e+00 9.3407127701353172e+00 9.9871106112648622e+00 1.0778895905805673e+01 1.1734047796222606e+01 1.2873522399762130e+01 1.4215766301804230e+01 1.5762384810249468e+01 1.7547926877534429e+01 1.9640374709720426e+01 2.2087287047825786e+01 2.4939340143995274e+01 2.8254908030340875e+01 3.2101210871417905e+01 3.6555636838909983e+01 4.1707262902037463e+01 4.7658603839719760e+01
5.1418663079829932e+00 5.1816670728490211e+00 5.2316975210026628e+00 5.2944538948570505e+00 5.3730179552728172e+00 5.4711896514171210e+00 5.5936491642803166e+00 5.7461549267069953e+00 5.9344366972549931e+00 6.1536658748175448e+00 6.4071824339573391e+00 6.7146535622373928e+00 7.0917937415549837e+00 7.5548829256535610e+00 8.1240756155643847e+00 8.8243202820696531e+00 9.6864917604126184e+00 1.0145823973939706e+01 1.0739549849464044e+01 1.1482750289112731e+01 1.2393110970364086e+01 1.3491303538038327e+01 1.4801422434535956e+01 1.6344676750438815e+01 1.8122912199735339e+01 2.0175851682173157e+01 2.2581658214733835e+01 2.5395012792595502e+01 2.8674180791162144e+01 3.2486278162204080e+01 3.6908591760150586e+01 4.2030099176755925e+01 4.7953217280510046e+01
5.8755754350159641e+00 5.9118967570033751e+00 5.9576579648302710e+00 6.0151808225778050e+00 6.0873354024226822e+00 6.1776649804725601e+00 6.2905385748645344e+00 6.4313372564319931e+00 6.6066818236205318e+00 6.8231601064139635e+00 7.0752203869117993e+00 7.3667028242319414e+00 7.7202199048547682e+00 8.1538394642707246e+00 8.6862794931810932e+00 9.3407127701353172e+00 1.0145823973939706e+01 1.1137111662396938e+01 1.1665232088111232e+01 1.2347872566843986e+01 1.3202372471312737e+01 1.4249066032916529e+01 1.5511720619893788e+01 1.7018038985944703e+01 1.8792406431331759e+01 2.0836945078624673e+01 2.3197326609685764e+01 2.5963419500070973e+01 2.9198093606501669e+01 3.2968339951938056e+01 3.7351325571430841e+01 4.2435911566512367e+01 4.8324400545735742e+01
6.7224202580388397e+00 6.7554839583966997e+00 6.7972446524338190e+00 6.8498589212506422e+00 6.9159962293411379e+00 6.9989564622677705e+00 7.1028135265219436e+00 7.2325907312698021e+00 7.3944750003447659e+00 7.5960786430747769e+00 7.8449760630682137e+00 8.1347841338325164e+00 8.4699181051769319e+00 8.8763768416156115e+00 9.3749339633953923e+00 9.9871106112648622e+00 1.0739549849464044e+01 1.1665232088111232e+01 1.2804972042366586e+01 1.3412182196244025e+01 1.4197052862008668e+01 1.5179520104738312e+01 1.6382963349230042e+01 1.7834709293378186e+01 1.9566609372041309e+01 2.1606700754781087e+01 2.3957423366867143e+01 2.6671288544012246e+01 2.9851623194652582e+01 3.3570712376353200e+01 3.7905579486391431e+01 4.2944947863130942e+01 4.8790986179677283e+01
7.6991335361099820e+00 7.7291497176836073e+00 7.7671649384637922e+00 7.8151795885656350e+00 7.8756732121955144e+00 7.9517150448293359e+00 8.0470991529765588e+00 8.1665095391242648e+00 8.3157217881262806e+00 8.5018493589400688e+00 8.7336445574665653e+00 9.0198161072404677e+00 9.3530249639244474e+00 9.7383475918731133e+00 1.0205676367434011e+01 1.0778895905805673e+01 1.1482750289112731e+01 1.2347872566843986e+01 1.3412182196244025e+01 1.4722606181583414e+01 1.5420750303680535e+01 1.6323160842125912e+01 1.7452759427203446e+01 1.8836426716121963e+01 2.0505581770946581e+01 2.2496846001719394e+01 2.4842455340275094e+01 2.7545215107760676e+01 3.0665500579749573e+01 3.4322112592029114e+01 3.8598161395197437e+01 4.3582205179083459e+01 4.9376254222625846e+01
8.8249653731361626e+00 8.8521326416437578e+00 8.8866439563831623e+00 8.9303522224067695e+00 8.9855574022429376e+00 9.0551103691883483e+00 9.1425399982019488e+00 9.2522085437939925e+00 9.3895014705904636e+00 9.5610592976795594e+00 9.7750607742590994e+00 1.0041568925264546e+01 1.0370596666500902e+01 1.0753705880401789e+01 1.1196733267370806e+01 1.1734047796222606e+01 1.2393110970364086e+01 1.3202372471312737e+01 1.4197052862008668e+01 1.5420750303680535e+01 1.6927419447761476e+01 1.7730115535938452e+01 1.8767668365236663e+01 2.0066432240420941e+01 2.1657313385158027e+01 2.3576436085846122e+01 2.5865906064862457e+01 2.8562786810337130e+01 3.1670303759883232e+01 3.5257873808940396e+01 3.9462089049514184e+01 4.4378506073619079e+01 5.0108945279510642e+01
1.0122059941288414e+01 1.0146565671906092e+01 1.0177801428918549e+01 1.0217481054460553e+01 1.0267734939077899e+01 1.0331207480776724e+01 1.0411176491072878e+01 1.0511699318636294e+01 1.0637791496105841e+01 1.0795644999108713e+01 1.0992894810919635e+01 1.1238944505642408e+01 1.1545364116591434e+01 1.1923666063757851e+01 1.2364148562441724e+01 1.2873522399762130e+01 1.3491303538038327e+01 1.4249066032916529e+01 1.5179520104738312e+01 1.6323160842125912e+01 1.7730115535938452e+01 1.9462418924095434e+01 2.0385324366655311e+01 2.1578257990235642e+01 2.3071520841098639e+01 2.4900647566106457e+01 2.7107172316249191e+01 2.9739506440376331e+01 3.2840263943239293e+01 3.6413153294296961e+01 4.0537987054679832e+01 4.5371812937687324e+01 5.1024497803444440e+01
1.1615888574340470e+01 1.1637909225331549e+01 1.1666084860536557e+01 1.1701998390668173e+01 1.1747620317709854e+01 1.1805400073094559e+01 1.1878378071928458e+01 1.1970323000931494e+01 1.2085899825119693e+01 1.2230875188230236e+01 1.2412368357555826e+01 1.2639157708526321e+01 1.2922055066249305e+01 1.3274363157465002e+01 1.3709318467592174e+01 1.4215766301804230e+01 1.4801422434535956e+01 1.5511720619893788e+01 1.6382963349230042e+01 1.7452759427203446e+01 1.8767668365236663e+01 2.0385324366655311e+01 2.2377052305340001e+01 2.3438169294013864e+01 2.4809753072770516e+01 2.6526642481517811e+01 2.8629693729064503e+01 3.1166660996059353e+01 3.4193205569498701e+01 3.7758323199447410e+01 4.1866277724608040e+01 4.6608834195460986e+01 5.2166559318983495e+01
1.3335747675988520e+01 1.3355449146108588e+01 1.3380767543628792e+01 1.3413162677305525e+01 1.3454454509803778e+01 1.3506908639563475e+01 1.3573341317509410e+01 1.3657248282178813e+01 1.3762962607491403e+01 1.3895847869607637e+01 1.4062534307504313e+01 1.4271207348553315e+01 1.4531959991313354e+01 1.4857223207334892e+01 1.5262291899745362e+01 1.5762384810249468e+01 1.6344676750438815e+01 1.7018038985944703e+01 1.7834709293378186e+01 1.8836426716121963e+01 2.0066432240420941e+01 2.1578257990235642e+01 2.3438169294013864e+01 2.5728172424445699e+01 2.6948199105108852e+01 2.8525187149508373e+01 3.0499192757539859e+01 3.2917190641086599e+01 3.5834086503409004e+01 3.9313877298603956e+01 4.3412896233053274e+01 4.8136045685132494e+01 5.3588833163564473e+01
1.5315331156005746e+01 1.5332869179326899e+01 1.5355521082417066e+01 1.5384631087078182e+01 1.5421877618639851e+01 1.5469353191907508e+01 1.5529662694536221e+01 1.5606044130727565e+01 1.5702516750318800e+01 1.5824062535360703e+01 1.5976848295064105e+01 1.6168497193073737e+01 1.6408420481770747e+01 1.6708222656852548e+01 1.7082196314818876e+01 1.7547926877534429e+01 1.8122912199735339e+01 1.8792406431331759e+01 1.9566609372041309e+01 2.0505581770946581e+01 2.1657313385158027e+01 2.3071520841098639e+01 2.4809753072770516e+01 2.6948199105108852e+01 2.9581146223805565e+01 3.0983880434469903e+01 3.2797033470176849e+01 3.5066660226965411e+01 3.7846770208430200e+01 4.1200491630982093e+01 4.5201405440278137e+01 4.9914281134429018e+01 5.5344755257266080e+01
1.7593388563239518e+01 1.7608909133450499e+01 1.7629073598449441e+01 1.7655117782486435e+01 1.7688587213981613e+01 1.7731411674198942e+01 1.7785997046673952e+01 1.7855338319210272e+01 1.7943158409789795e+01 1.8054078479029162e+01 1.8193826595642200e+01 1.8369493091658345e+01 1.8589842752805186e+01 1.8865696232343403e+01 1.9210395880379160e+01 1.9640374709720426e+01 2.0175851682173157e+01 2.0836945078624673e+01 2.1606700754781087e+01 2.2496846001719394e+01 2.3576436085846122e+01 2.4900647566106457e+01 2.6526642481517811e+01 2.8525187149508373e+01 3.0983880434469903e+01 3.4011129802703763e+01 3.5623933274098810e+01 3.7708618660629512e+01 4.0318137901189033e+01 4.3514588800353245e+01 4.7370553466547527e+01 5.1970632106769060e+01 5.7389293904558997e+01
2.0214481757583126e+01 2.0228121573335159e+01 2.0245966457507791e+01 2.0269150692198782e+01 2.0299095174984739e+01 2.0337576887978305e+01 2.0386814610687313e+01 2.0449574524536843e+01 2.0529300137705260e+01 2.0630271901185527e+01 2.0757803026723494e+01 2.0918479401392990e+01 2.1120453184044560e+01 2.1373801748381663e+01 2.1690966216185537e+01 2.2087287047825786e+01 2.2581658214733835e+01 2.3197326609685764e+01 2.3957423366867143e+01 2.4842455340275094e+01 2.5865906064862457e+01 2.7107172316249191e+01 2.8629693729064503e+01 3.0499192757539859e+01 3.2797033470176849e+01 3.5623933274098810e+01 3.9104534412039065e+01 4.0958866485477273e+01 4.3355748091844376e+01 4.6356061093302678e+01 5.0031202875062114e+01 5.4464625224025482e+01 5.9753597819999889e+01
2.3229854885991063e+01 2.3241741809121116e+01 2.3257424282697951e+01 2.3277941563107500e+01 2.3304597799126405e+01 2.3339026677683130e+01 2.3383271296392369e+01 2.3439882712514507e+01 2.3512041362493562e+01 2.3603706443946322e+01 2.3719799435345408e+01 2.3866429239063628e+01 2.4051168024835032e+01 2.4283388794325617e+01 2.4574678078446173e+01 2.4939340143995274e+01 2.5395012792595502e+01 2.5963419500070973e+01 2.6671288544012246e+01 2.7545215107760676e+01 2.8562786810337130e+01 2.9739506440376331e+01 3.1166660996059353e+01 3.2917190641086599e+01 3.5066660226965411e+01 3.7708618660629512e+01 4.0958866485477273e+01 4.4960711992013401e+01 4.7092743265239363e+01 4.9848574659300105e+01 5.3298205521109566e+01 5.7523725493765973e+01 6.2621083853039273e+01
2.6698434638052191e+01 2.6708688157242495e+01 2.6722355230265030e+01 2.6740386263965135e+01 2.6763976150642552e+01 2.6794624344476265e+01 2.6834209188440553e+01 2.6885079748310211e+01 2.6950169120016007e+01 2.7033134032607883e+01 2.7138526601241900e+01 2.7272005330219645e+01 2.7440593972778469e+01 2.7652998684040423e+01 2.7919996138238869e+01 2.8254908030340875e+01 2.8674180791162144e+01 2.9198093606501669e+01 2.9851623194652582e+01 3.0665500579749573e+01 3.1670303759883232e+01 3.2840263943239293e+01 3.4193205569498701e+01 3.5834086503409004e+01 3.7846770208430200e+01 4.0318137901189033e+01 4.3355748091844376e+01 4.7092743265239363e+01 5.1693893130880276e+01 5.4145211001678575e+01 5.7313747425136604e+01 6.1279984640041945e+01 6.6138305787796497e+01
3.0687980297860555e+01 3.0696711991269723e+01 3.0708501046686219e+01 3.0724214859500492e+01 3.0744946166631440e+01 3.0772068803859440e+01 3.0807306779116054e+01 3.0852819730375728e+01 3.0911308512445661e+01 3.0986145472890446e+01 3.1081534961515519e+01 3.1202710804565413e+01 3.1356178906944375e+01 3.1550014878070989e+01 3.1794228680699856e+01 3.2101210871417905e+01 3.2486278162204080e+01 3.2968339951938056e+01 3.3570712376353200e+01 3.4322112592029114e+01 3.5257873808940396e+01 3.6413153294296961e+01 3.7758323199447410e+01 3.9313877298603956e+01 4.1200491630982093e+01 4.3514588800353245e+01 4.6356061093302678e+01 4.9848574659300105e+01 5.4145211001678575e+01 5.9435415246572560e+01 6.2253835116466384e+01 6.5896882034509773e+01 7.0457091017754024e+01
3.5276406030620294e+01 3.5283720022093064e+01 3.5293759347671923e+01 3.5307313896606175e+01 3.5325380962813753e+01 3.5349216928211298e+01 3.5380401370097829e+01 3.5420916478652771e+01 3.5473245312744773e+01 3.5540493199081979e+01 3.5626537517867675e+01 3.5736212249701765e+01 3.5875535022921596e+01 3.6051986047202220e+01 3.6274850310964759e+01 3.6555636838909983e+01 3.6908591760150586e+01 3.7351325571430841e+01 3.7905579486391431e+01 3.8598161395197437e+01 3.9462089049514184e+01 4.0537987054679832e+01 4.1866277724608040e+01 4.3412896233053274e+01 4.5201405440278137e+01 4.7370553466547527e+01 5.0031202875062114e+01 5.3298205521109566e+01 5.7313747425136604e+01 6.2253835116466384e+01 6.8336284454116040e+01 7.1576782415494435e+01 7.5765401094076992e+01
4.0553301201670962e+01 4.0559294606196552e+01 4.0567703919056655e+01 4.0579246703870027e+01 4.0594831141326637e+01 4.0615603877085114e+01 4.0643009445043006e+01 4.0678863975249612e+01 4.0725446504729959e+01 4.0785611947788247e+01 4.0862930675530158e+01 4.0961860732968240e+01 4.1087960023112856e+01 4.1248147356240572e+01 4.1451023155752324e+01 4.1707262902037463e+01 4.2030099176755925e+01 4.2435911566512367e+01 4.2944947863130942e+01 4.3582205179083459e+01 4.4378506073619079e+01 4.5371812937687324e+01 4.6608834195460986e+01 4.8136045685132494e+01 4.9914281134429018e+01 5.1970632106769060e+01 5.4464625224025482e+01 5.7523725493765973e+01 6.1279984640041945e+01 6.5896882034509773e+01 7.1576782415494435e+01 7.8570121090609462e+01 8.2295906290276378e+01
4.6621678388013166e+01 4.6626441743092592e+01 4.6633332701872142e+01 4.6643001368159531e+01 4.6656272765745072e+01 4.6674191081730150e+01 4.6698074679982014e+01 4.6729584423454440e+01 4.6770808420376191e+01 4.6824367009509537e+01 4.6893542648547012e+01 4.6982440396643526e+01 4.7096185922238064e+01 4.7241169463196520e+01 4.7425345970034222e+01 4.7658603839719760e+01 4.7953217280510046e+01 4.8324400545735742e+01 4.8790986179677283e+01 4.9376254222625846e+01 5.0108945279510642e+01 5.1024497803444440e+01 5.2166559318983495e+01 5.3588833163564473e+01 5.5344755257266080e+01 5.7389293904558997e+01 5.9753597819999889e+01 6.2621083853039273e+01 6.6138305787796497e+01 7.0457091017754024e+01 7.5765401094076992e+01 8.2295906290276378e+01 9.0336546353175407e+01
