# QM_4^4 top-syndrome certificate
# syndrome_decimal weight one_based_OK2_column_indices
# Every row is a nonempty sum of 1..4 distinct columns.
0 3 9 10 14
1 1 1
2 1 2
3 2 1 2
4 1 3
5 2 1 3
6 2 2 3
7 3 1 2 3
8 1 4
9 2 1 4
10 2 2 4
11 3 1 2 4
12 2 3 4
13 3 1 3 4
14 3 2 3 4
15 4 1 2 3 4
16 1 5
17 2 1 5
18 2 2 5
19 3 1 2 5
20 2 3 5
21 3 1 3 5
22 3 2 3 5
23 4 1 2 3 5
24 2 4 5
25 3 1 4 5
26 3 2 4 5
27 4 1 2 4 5
28 3 3 4 5
29 4 1 3 4 5
30 4 2 3 4 5
31 4 10 13 16 18
32 1 6
33 2 1 6
34 2 2 6
35 3 1 2 6
36 2 3 6
37 3 1 3 6
38 3 2 3 6
39 4 1 2 3 6
40 2 4 6
41 3 1 4 6
42 3 2 4 6
43 4 1 2 4 6
44 3 3 4 6
45 4 1 3 4 6
46 3 7 9 17
47 4 1 7 9 17
48 2 5 6
49 3 1 5 6
50 3 2 5 6
51 3 14 16 19
52 3 3 5 6
53 4 1 3 5 6
54 4 1 7 11 13
55 3 7 11 13
56 3 4 5 6
57 3 8 10 12
58 4 1 15 16 19
59 3 15 16 19
60 4 3 4 5 6
61 4 3 8 10 12
62 4 5 7 9 17
63 4 3 15 16 19
64 1 7
65 2 1 7
66 2 2 7
67 3 1 2 7
68 2 3 7
69 3 1 3 7
70 3 2 3 7
71 4 1 2 3 7
72 2 4 7
73 3 1 4 7
74 3 2 4 7
75 4 1 2 4 7
76 3 3 4 7
77 3 9 12 18
78 3 6 9 17
79 4 1 6 9 17
80 2 5 7
81 3 1 5 7
82 3 2 5 7
83 4 1 2 5 7
84 3 3 5 7
85 4 1 3 5 7
86 4 1 6 11 13
87 3 6 11 13
88 3 4 5 7
89 4 1 4 5 7
90 4 2 4 5 7
91 4 9 11 18 19
92 4 3 4 5 7
93 4 5 9 12 18
94 4 5 6 9 17
95 4 4 6 11 13
96 2 6 7
97 3 1 6 7
98 3 2 6 7
99 4 1 2 6 7
100 3 3 6 7
101 4 1 3 6 7
102 3 4 9 17
103 3 5 11 13
104 3 4 6 7
105 4 1 4 6 7
106 3 3 9 17
107 4 1 3 9 17
108 3 2 9 17
109 4 1 2 9 17
110 2 9 17
111 3 1 9 17
112 3 5 6 7
113 4 1 5 6 7
114 4 1 3 11 13
115 3 3 11 13
116 3 8 14 18
117 3 2 11 13
118 3 1 11 13
119 2 11 13
120 4 3 8 15 18
121 4 7 8 10 12
122 4 3 5 9 17
123 4 3 4 11 13
124 3 8 15 18
125 4 1 8 15 18
126 3 5 9 17
127 3 4 11 13
128 1 8
129 2 1 8
130 2 2 8
131 3 1 2 8
132 2 3 8
133 3 1 3 8
134 3 2 3 8
135 4 1 2 3 8
136 2 4 8
137 3 1 4 8
138 3 2 4 8
139 4 1 2 4 8
140 3 3 4 8
141 4 1 3 4 8
142 4 2 3 4 8
143 4 6 10 11 19
144 2 5 8
145 3 1 5 8
146 3 2 5 8
147 4 1 2 5 8
148 3 3 5 8
149 4 1 3 5 8
150 4 2 3 5 8
151 4 7 12 14 17
152 3 4 5 8
153 3 6 10 12
154 3 10 17 18
155 4 1 10 17 18
156 3 9 11 16
157 4 1 9 11 16
158 4 2 9 11 16
159 4 7 12 15 17
160 2 6 8
161 3 1 6 8
162 3 2 6 8
163 4 1 2 6 8
164 3 3 6 8
165 4 1 3 6 8
166 4 2 3 6 8
167 4 4 10 11 19
168 3 4 6 8
169 3 5 10 12
170 4 2 4 6 8
171 4 2 5 10 12
172 4 3 4 6 8
173 4 2 10 11 19
174 4 1 10 11 19
175 3 10 11 19
176 3 5 6 8
177 3 4 10 12
178 4 2 5 6 8
179 4 2 4 10 12
180 3 7 14 18
181 4 1 7 14 18
182 4 2 7 14 18
183 4 7 8 11 13
184 3 1 10 12
185 2 10 12
186 4 1 2 10 12
187 3 2 10 12
188 3 7 15 18
189 3 3 10 12
190 4 2 7 15 18
191 4 2 3 10 12
192 2 7 8
193 3 1 7 8
194 3 2 7 8
195 4 1 2 7 8
196 3 3 7 8
197 4 1 3 7 8
198 4 1 16 18 19
199 3 16 18 19
200 3 4 7 8
201 4 1 4 7 8
202 4 2 4 7 8
203 4 6 9 13 16
204 4 3 4 7 8
205 4 8 9 12 18
206 4 6 8 9 17
207 4 4 16 18 19
208 3 5 7 8
209 4 1 5 7 8
210 4 2 5 7 8
211 4 3 12 14 17
212 3 6 14 18
213 4 1 6 14 18
214 4 1 12 14 17
215 3 12 14 17
216 3 10 13 19
217 4 1 10 13 19
218 4 2 10 13 19
219 4 3 12 15 17
220 3 6 15 18
221 4 1 6 15 18
222 4 1 12 15 17
223 3 12 15 17
224 3 6 7 8
225 4 1 6 7 8
226 4 2 6 7 8
227 4 4 9 13 16
228 3 5 14 18
229 4 1 5 14 18
230 4 2 5 14 18
231 4 5 8 11 13
232 4 3 5 15 18
233 4 2 9 13 16
234 4 1 9 13 16
235 3 9 13 16
236 3 5 15 18
237 4 1 5 15 18
238 3 8 9 17
239 4 1 8 9 17
240 3 3 14 18
241 4 1 3 14 18
242 3 11 16 17
243 4 1 11 16 17
244 2 14 18
245 3 1 14 18
246 3 2 14 18
247 3 8 11 13
248 3 3 15 18
249 3 7 10 12
250 4 2 3 15 18
251 4 2 7 10 12
252 2 15 18
253 3 1 15 18
254 3 2 15 18
255 4 1 2 15 18
256 1 9
257 2 1 9
258 2 2 9
259 3 1 2 9
260 2 3 9
261 3 1 3 9
262 3 2 3 9
263 4 1 2 3 9
264 2 4 9
265 3 1 4 9
266 3 2 4 9
267 4 1 2 4 9
268 3 3 4 9
269 3 7 12 18
270 3 6 7 17
271 4 1 6 7 17
272 2 5 9
273 3 1 5 9
274 3 2 5 9
275 4 1 2 5 9
276 3 3 5 9
277 4 1 3 5 9
278 4 2 3 5 9
279 4 13 15 16 18
280 3 4 5 9
281 3 11 13 17
282 4 2 4 5 9
283 4 2 11 13 17
284 3 8 11 16
285 4 1 8 11 16
286 4 2 8 11 16
287 4 13 14 16 18
288 2 6 9
289 3 1 6 9
290 3 2 6 9
291 4 1 2 6 9
292 3 3 6 9
293 4 1 3 6 9
294 3 4 7 17
295 4 1 4 7 17
296 3 4 6 9
297 4 1 4 6 9
298 3 3 7 17
299 4 1 3 7 17
300 3 2 7 17
301 4 1 2 7 17
302 2 7 17
303 3 1 7 17
304 3 5 6 9
305 3 8 12 15
306 4 1 10 16 19
307 3 10 16 19
308 4 3 5 6 9
309 4 3 8 12 15
310 4 4 5 7 17
311 4 3 10 16 19
312 4 1 8 12 14
313 3 8 12 14
314 4 3 5 7 17
315 4 2 8 12 14
316 4 2 5 7 17
317 4 3 8 12 14
318 3 5 7 17
319 4 1 5 7 17
320 2 7 9
321 3 1 7 9
322 3 2 7 9
323 4 1 2 7 9
324 3 3 7 9
325 3 4 12 18
326 3 4 6 17
327 4 1 4 6 17
328 3 4 7 9
329 3 3 12 18
330 3 3 6 17
331 4 1 3 6 17
332 3 1 12 18
333 2 12 18
334 2 6 17
335 3 1 6 17
336 3 5 7 9
337 4 1 5 7 9
338 4 2 5 7 9
339 4 4 11 18 19
340 4 3 5 7 9
341 4 4 5 12 18
342 4 4 5 6 17
343 4 6 9 11 13
344 4 4 5 7 9
345 4 2 11 18 19
346 4 1 11 18 19
347 3 11 18 19
348 4 1 5 12 18
349 3 5 12 18
350 3 5 6 17
351 4 1 5 6 17
352 3 6 7 9
353 4 1 6 7 9
354 3 3 4 17
355 4 1 3 4 17
356 3 2 4 17
357 4 1 2 4 17
358 2 4 17
359 3 1 4 17
360 3 2 3 17
361 4 1 2 3 17
362 2 3 17
363 3 1 3 17
364 2 2 17
365 3 1 2 17
366 1 17
367 2 1 17
368 4 3 8 10 18
369 4 7 8 12 15
370 4 3 4 5 17
371 4 3 9 11 13
372 3 8 10 18
373 4 1 8 10 18
374 3 4 5 17
375 3 9 11 13
376 4 2 3 5 17
377 4 7 8 12 14
378 3 3 5 17
379 4 1 3 5 17
380 3 2 5 17
381 4 1 2 5 17
382 2 5 17
383 3 1 5 17
384 2 8 9
385 3 1 8 9
386 3 2 8 9
387 4 1 2 8 9
388 3 3 8 9
389 4 1 3 8 9
390 4 2 3 8 9
391 4 6 11 15 19
392 3 4 8 9
393 4 1 4 8 9
394 3 12 16 19
395 4 1 12 16 19
396 3 5 11 16
397 4 1 5 11 16
398 4 2 5 11 16
399 4 6 11 14 19
400 3 5 8 9
401 3 6 12 15
402 3 15 17 18
403 4 1 15 17 18
404 3 4 11 16
405 4 1 4 11 16
406 4 2 4 11 16
407 4 7 10 12 17
408 3 3 11 16
409 3 6 12 14
410 3 14 17 18
411 4 1 14 17 18
412 2 11 16
413 3 1 11 16
414 3 2 11 16
415 4 1 2 11 16
416 3 6 8 9
417 3 5 12 15
418 4 2 6 8 9
419 4 2 5 12 15
420 4 3 6 8 9
421 4 2 11 15 19
422 4 1 11 15 19
423 3 11 15 19
424 4 1 5 12 14
425 3 5 12 14
426 4 1 7 13 16
427 3 7 13 16
428 4 2 7 8 17
429 4 2 11 14 19
430 3 7 8 17
431 3 11 14 19
432 3 1 12 15
433 2 12 15
434 4 1 2 12 15
435 3 2 12 15
436 3 7 10 18
437 3 3 12 15
438 4 2 7 10 18
439 4 2 3 12 15
440 3 1 12 14
441 2 12 14
442 4 1 2 12 14
443 3 2 12 14
444 3 6 11 16
445 3 3 12 14
446 4 2 6 11 16
447 4 2 3 12 14
448 3 7 8 9
449 4 1 7 8 9
450 4 2 7 8 9
451 4 4 6 13 16
452 4 3 7 8 9
453 4 4 8 12 18
454 4 4 6 8 17
455 4 5 10 12 17
456 4 4 7 8 9
457 4 2 6 13 16
458 4 1 6 13 16
459 3 6 13 16
460 4 1 8 12 18
461 3 8 12 18
462 3 6 8 17
463 4 1 6 8 17
464 3 13 15 19
465 4 1 13 15 19
466 4 2 13 15 19
467 4 3 10 12 17
468 3 6 10 18
469 4 1 6 10 18
470 4 1 10 12 17
471 3 10 12 17
472 3 13 14 19
473 4 1 13 14 19
474 4 2 13 14 19
475 4 5 6 13 16
476 3 7 11 16
477 4 1 7 11 16
478 4 2 7 11 16
479 4 4 10 12 17
480 4 3 5 10 18
481 4 2 4 13 16
482 4 1 4 13 16
483 3 4 13 16
484 3 5 10 18
485 4 1 5 10 18
486 3 4 8 17
487 4 1 4 8 17
488 4 1 2 13 16
489 3 2 13 16
490 3 1 13 16
491 2 13 16
492 3 2 8 17
493 4 1 2 8 17
494 2 8 17
495 3 1 8 17
496 3 3 10 18
497 3 7 12 15
498 4 2 3 10 18
499 4 2 7 12 15
500 2 10 18
501 3 1 10 18
502 3 2 10 18
503 4 1 2 10 18
504 4 1 7 12 14
505 3 7 12 14
506 4 1 5 13 16
507 3 5 13 16
508 3 4 10 18
509 4 1 4 10 18
510 3 5 8 17
511 4 1 5 8 17
512 1 10
513 2 1 10
514 2 2 10
515 3 1 2 10
516 2 3 10
517 3 1 3 10
518 3 2 3 10
519 4 1 2 3 10
520 2 4 10
521 3 1 4 10
522 3 2 4 10
523 4 1 2 4 10
524 3 3 4 10
525 4 1 3 4 10
526 4 2 3 4 10
527 4 5 13 16 18
528 2 5 10
529 3 1 5 10
530 3 2 5 10
531 4 1 2 5 10
532 3 3 5 10
533 4 1 3 5 10
534 4 2 3 5 10
535 4 4 13 16 18
536 3 4 5 10
537 3 6 8 12
538 3 8 17 18
539 4 1 8 17 18
540 4 3 4 5 10
541 4 2 13 16 18
542 4 1 13 16 18
543 3 13 16 18
544 2 6 10
545 3 1 6 10
546 3 2 6 10
547 4 1 2 6 10
548 3 3 6 10
549 4 1 3 6 10
550 3 7 15 17
551 4 1 7 15 17
552 3 4 6 10
553 3 5 8 12
554 4 2 4 6 10
555 4 2 5 8 12
556 4 2 7 14 17
557 4 2 8 11 19
558 3 7 14 17
559 3 8 11 19
560 3 5 6 10
561 3 4 8 12
562 4 1 9 16 19
563 3 9 16 19
564 4 3 5 6 10
565 4 3 4 8 12
566 4 5 7 15 17
567 4 3 9 16 19
568 3 1 8 12
569 2 8 12
570 4 1 2 8 12
571 3 2 8 12
572 4 1 3 8 12
573 3 3 8 12
574 4 5 7 14 17
575 4 2 3 8 12
576 2 7 10
577 3 1 7 10
578 3 2 7 10
579 4 1 2 7 10
580 3 3 7 10
581 3 12 15 18
582 3 6 15 17
583 4 1 6 15 17
584 3 4 7 10
585 4 1 4 7 10
586 4 2 4 7 10
587 4 11 12 16 17
588 4 1 12 14 18
589 3 12 14 18
590 3 6 14 17
591 4 1 6 14 17
592 3 5 7 10
593 4 1 5 7 10
594 4 2 5 7 10
595 4 11 15 18 19
596 4 3 5 7 10
597 4 4 16 17 19
598 4 5 6 15 17
599 4 6 10 11 13
600 3 8 13 19
601 4 1 8 13 19
602 4 2 8 13 19
603 4 11 14 18 19
604 4 1 16 17 19
605 3 16 17 19
606 4 5 6 14 17
607 4 2 16 17 19
608 3 6 7 10
609 4 1 6 7 10
610 3 3 15 17
611 4 1 3 15 17
612 3 2 15 17
613 4 1 2 15 17
614 2 15 17
615 3 1 15 17
616 3 11 16 18
617 4 1 11 16 18
618 3 3 14 17
619 4 1 3 14 17
620 3 2 14 17
621 4 1 2 14 17
622 2 14 17
623 3 1 14 17
624 4 3 8 9 18
625 4 4 7 8 12
626 4 3 5 15 17
627 4 3 10 11 13
628 3 8 9 18
629 4 1 8 9 18
630 3 5 15 17
631 3 10 11 13
632 4 1 7 8 12
633 3 7 8 12
634 4 3 5 14 17
635 4 2 7 8 12
636 4 2 5 14 17
637 4 3 7 8 12
638 3 5 14 17
639 4 1 5 14 17
640 2 8 10
641 3 1 8 10
642 3 2 8 10
643 4 1 2 8 10
644 3 3 8 10
645 4 1 3 8 10
646 4 2 3 8 10
647 4 4 6 11 19
648 3 4 8 10
649 3 5 6 12
650 3 5 17 18
651 4 1 5 17 18
652 4 3 4 8 10
653 4 2 6 11 19
654 4 1 6 11 19
655 3 6 11 19
656 3 5 8 10
657 3 4 6 12
658 3 4 17 18
659 4 1 4 17 18
660 3 11 15 16
661 4 1 11 15 16
662 4 2 11 15 16
663 4 7 9 12 17
664 3 1 6 12
665 2 6 12
666 2 17 18
667 3 1 17 18
668 3 11 14 16
669 3 3 6 12
670 3 3 17 18
671 4 1 3 17 18
672 3 6 8 10
673 3 4 5 12
674 4 2 6 8 10
675 4 2 4 5 12
676 4 3 6 8 10
677 4 2 4 11 19
678 4 1 4 11 19
679 3 4 11 19
680 3 1 5 12
681 2 5 12
682 4 1 2 5 12
683 3 2 5 12
684 4 1 2 11 19
685 3 2 11 19
686 3 1 11 19
687 2 11 19
688 3 1 4 12
689 2 4 12
690 4 1 2 4 12
691 3 2 4 12
692 3 7 9 18
693 3 3 4 12
694 4 2 7 9 18
695 4 2 3 4 12
696 2 1 12
697 1 12
698 3 1 2 12
699 2 2 12
700 3 1 3 12
701 2 3 12
702 4 1 2 3 12
703 3 2 3 12
704 3 7 8 10
705 4 1 7 8 10
706 4 2 7 8 10
707 4 6 13 15 16
708 4 3 7 8 10
709 4 8 12 15 18
710 4 4 11 12 13
711 4 5 9 12 17
712 3 5 13 19
713 4 1 5 13 19
714 4 2 5 13 19
715 4 6 13 14 16
716 4 2 11 12 13
717 4 8 12 14 18
718 3 11 12 13
719 4 1 11 12 13
720 3 4 13 19
721 4 1 4 13 19
722 4 2 4 13 19
723 4 3 9 12 17
724 3 6 9 18
725 4 1 6 9 18
726 4 1 9 12 17
727 3 9 12 17
728 2 13 19
729 3 1 13 19
730 3 2 13 19
731 4 1 2 13 19
732 3 3 13 19
733 4 1 3 13 19
734 4 2 3 13 19
735 4 4 9 12 17
736 4 3 5 9 18
737 4 2 13 15 16
738 4 1 13 15 16
739 3 13 15 16
740 3 5 9 18
741 4 1 5 9 18
742 3 8 15 17
743 4 1 8 15 17
744 4 1 5 7 12
745 3 5 7 12
746 4 1 13 14 16
747 3 13 14 16
748 4 2 8 14 17
749 4 2 7 11 19
750 3 8 14 17
751 3 7 11 19
752 3 3 9 18
753 3 4 7 12
754 4 2 3 9 18
755 4 2 4 7 12
756 2 9 18
757 3 1 9 18
758 3 2 9 18
759 4 1 2 9 18
760 3 1 7 12
761 2 7 12
762 4 1 2 7 12
763 3 2 7 12
764 3 4 9 18
765 3 3 7 12
766 4 2 4 9 18
767 4 2 3 7 12
768 1 14
769 2 1 14
770 2 2 14
771 3 1 2 14
772 2 3 14
773 3 1 3 14
774 3 2 3 14
775 4 1 2 3 14
776 1 15
777 2 1 15
778 2 2 15
779 3 1 2 15
780 2 3 15
781 3 1 3 15
782 3 2 3 15
783 4 1 2 3 15
784 2 5 14
785 3 1 5 14
786 3 2 5 14
787 3 6 16 19
788 3 3 5 14
789 4 1 3 5 14
790 4 2 3 5 14
791 4 3 6 16 19
792 2 5 15
793 3 1 5 15
794 3 2 5 15
795 4 1 2 5 15
796 3 3 5 15
797 4 1 3 5 15
798 4 2 3 5 15
799 4 9 13 16 18
800 2 6 14
801 3 1 6 14
802 3 2 6 14
803 3 5 16 19
804 3 3 6 14
805 3 11 12 16
806 4 2 3 6 14
807 4 2 11 12 16
808 2 6 15
809 3 1 6 15
810 3 2 6 15
811 4 1 2 6 15
812 3 3 6 15
813 4 1 3 6 15
814 3 7 10 17
815 4 1 7 10 17
816 3 5 6 14
817 3 2 16 19
818 3 1 16 19
819 2 16 19
820 3 7 8 18
821 4 1 7 8 18
822 4 1 3 16 19
823 3 3 16 19
824 3 5 6 15
825 3 8 9 12
826 4 1 4 16 19
827 3 4 16 19
828 4 3 5 6 15
829 4 3 8 9 12
830 4 5 7 10 17
831 4 3 4 16 19
832 2 7 14
833 3 1 7 14
834 3 2 7 14
835 4 1 2 7 14
836 3 3 7 14
837 4 1 3 7 14
838 4 2 3 7 14
839 4 5 8 12 17
840 2 7 15
841 3 1 7 15
842 3 2 7 15
843 4 1 2 7 15
844 3 3 7 15
845 3 10 12 18
846 3 6 10 17
847 4 1 6 10 17
848 3 5 7 14
849 4 1 5 7 14
850 3 12 13 16
851 4 1 12 13 16
852 3 6 8 18
853 4 1 6 8 18
854 4 1 8 12 17
855 3 8 12 17
856 3 5 7 15
857 4 1 5 7 15
858 4 2 5 7 15
859 4 10 11 18 19
860 4 3 5 7 15
861 4 5 10 12 18
862 4 5 6 10 17
863 4 4 8 12 17
864 3 6 7 14
865 4 1 6 7 14
866 4 2 6 7 14
867 4 5 7 16 19
868 3 5 8 18
869 4 1 5 8 18
870 3 4 10 17
871 4 1 4 10 17
872 3 6 7 15
873 4 1 6 7 15
874 3 3 10 17
875 4 1 3 10 17
876 3 2 10 17
877 4 1 2 10 17
878 2 10 17
879 3 1 10 17
880 3 3 8 18
881 4 1 3 8 18
882 4 1 7 16 19
883 3 7 16 19
884 2 8 18
885 3 1 8 18
886 3 2 8 18
887 3 11 13 14
888 4 3 4 8 18
889 4 7 8 9 12
890 4 3 5 10 17
891 4 3 11 13 15
892 3 4 8 18
893 4 1 4 8 18
894 3 5 10 17
895 3 11 13 15
896 2 8 14
897 3 1 8 14
898 3 2 8 14
899 3 11 13 18
900 3 3 8 14
901 4 1 3 8 14
902 4 2 3 8 14
903 4 3 11 13 18
904 2 8 15
905 3 1 8 15
906 3 2 8 15
907 4 1 2 8 15
908 3 3 8 15
909 4 1 3 8 15
910 4 2 3 8 15
911 4 6 9 11 19
912 3 5 8 14
913 4 1 5 8 14
914 4 2 5 8 14
915 4 3 7 12 17
916 3 6 7 18
917 4 1 6 7 18
918 4 1 7 12 17
919 3 7 12 17
920 3 5 8 15
921 3 6 9 12
922 3 9 17 18
923 4 1 9 17 18
924 3 10 11 16
925 4 1 10 11 16
926 4 2 10 11 16
927 4 4 7 12 17
928 3 6 8 14
929 4 1 6 8 14
930 4 2 6 8 14
931 4 5 8 16 19
932 3 5 7 18
933 4 1 5 7 18
934 4 2 5 7 18
935 4 4 9 11 19
936 3 6 8 15
937 3 5 9 12
938 4 2 6 8 15
939 4 2 5 9 12
940 4 3 6 8 15
941 4 2 9 11 19
942 4 1 9 11 19
943 3 9 11 19
944 3 3 7 18
945 3 4 9 12
946 4 1 8 16 19
947 3 8 16 19
948 2 7 18
949 3 1 7 18
950 3 2 7 18
951 4 1 2 7 18
952 3 1 9 12
953 2 9 12
954 4 1 2 9 12
955 3 2 9 12
956 3 4 7 18
957 3 3 9 12
958 4 2 4 7 18
959 4 2 3 9 12
960 3 7 8 14
961 3 11 17 19
962 4 2 7 8 14
963 4 2 11 17 19
964 3 5 6 18
965 4 1 5 6 18
966 4 1 5 12 17
967 3 5 12 17
968 3 7 8 15
969 4 1 7 8 15
970 4 2 7 8 15
971 4 6 10 13 16
972 4 3 7 8 15
973 4 8 10 12 18
974 4 6 8 10 17
975 4 4 5 12 17
976 3 3 6 18
977 4 1 3 6 18
978 4 1 3 12 17
979 3 3 12 17
980 2 6 18
981 3 1 6 18
982 3 1 12 17
983 2 12 17
984 3 9 13 19
985 4 1 9 13 19
986 4 2 9 13 19
987 4 3 4 12 17
988 3 4 6 18
989 4 1 4 6 18
990 4 1 4 12 17
991 3 4 12 17
992 3 3 5 18
993 4 1 3 5 18
994 4 2 3 5 18
995 4 4 10 13 16
996 2 5 18
997 3 1 5 18
998 3 2 5 18
999 4 1 2 5 18
1000 4 3 4 5 18
1001 4 2 10 13 16
1002 4 1 10 13 16
1003 3 10 13 16
1004 3 4 5 18
1005 4 1 4 5 18
1006 3 8 10 17
1007 4 1 8 10 17
1008 2 3 18
1009 3 1 3 18
1010 3 2 3 18
1011 4 1 2 3 18
1012 1 18
1013 2 1 18
1014 2 2 18
1015 3 1 2 18
1016 3 3 4 18
1017 3 7 9 12
1018 4 2 3 4 18
1019 4 2 7 9 12
1020 2 4 18
1021 3 1 4 18
1022 3 2 4 18
1023 4 1 2 4 18
1024 1 11
1025 2 1 11
1026 2 2 11
1027 3 1 2 11
1028 2 3 11
1029 3 1 3 11
1030 3 2 3 11
1031 4 1 2 3 11
1032 2 4 11
1033 3 1 4 11
1034 3 2 4 11
1035 4 1 2 4 11
1036 3 3 4 11
1037 4 1 3 4 11
1038 4 2 3 4 11
1039 4 6 8 10 19
1040 2 5 11
1041 3 1 5 11
1042 3 2 5 11
1043 4 1 2 5 11
1044 3 2 12 19
1045 4 1 2 12 19
1046 2 12 19
1047 3 1 12 19
1048 3 4 5 11
1049 3 9 13 17
1050 4 2 4 5 11
1051 4 2 9 13 17
1052 3 8 9 16
1053 4 1 8 9 16
1054 3 4 12 19
1055 4 1 4 12 19
1056 2 6 11
1057 3 1 6 11
1058 3 2 6 11
1059 4 1 2 6 11
1060 3 3 6 11
1061 3 12 14 16
1062 4 1 5 7 13
1063 3 5 7 13
1064 3 4 6 11
1065 4 1 4 6 11
1066 4 2 4 6 11
1067 4 3 8 10 19
1068 4 1 12 15 16
1069 3 12 15 16
1070 4 1 8 10 19
1071 3 8 10 19
1072 3 5 6 11
1073 4 1 5 6 11
1074 4 1 3 7 13
1075 3 3 7 13
1076 4 1 2 7 13
1077 3 2 7 13
1078 3 1 7 13
1079 2 7 13
1080 4 4 5 6 11
1081 4 6 9 13 17
1082 4 9 12 13 18
1083 4 3 4 7 13
1084 4 6 8 9 16
1085 4 2 4 7 13
1086 4 1 4 7 13
1087 3 4 7 13
1088 2 7 11
1089 3 1 7 11
1090 3 2 7 11
1091 4 1 2 7 11
1092 3 3 7 11
1093 4 1 3 7 11
1094 4 1 5 6 13
1095 3 5 6 13
1096 3 4 7 11
1097 4 1 4 7 11
1098 4 2 4 7 11
1099 4 5 9 18 19
1100 4 3 4 7 11
1101 4 9 11 12 18
1102 4 6 9 11 17
1103 4 4 5 6 13
1104 3 5 7 11
1105 4 1 5 7 11
1106 4 1 3 6 13
1107 3 3 6 13
1108 4 1 2 6 13
1109 3 2 6 13
1110 3 1 6 13
1111 2 6 13
1112 4 4 5 7 11
1113 4 2 9 18 19
1114 4 1 9 18 19
1115 3 9 18 19
1116 4 7 8 9 16
1117 4 2 4 6 13
1118 4 1 4 6 13
1119 3 4 6 13
1120 3 6 7 11
1121 4 1 6 7 11
1122 4 1 3 5 13
1123 3 3 5 13
1124 4 1 2 5 13
1125 3 2 5 13
1126 3 1 5 13
1127 2 5 13
1128 3 10 16 18
1129 4 1 10 16 18
1130 4 2 10 16 18
1131 4 3 4 5 13
1132 4 2 9 11 17
1133 4 2 4 5 13
1134 3 9 11 17
1135 3 4 5 13
1136 4 1 2 3 13
1137 3 2 3 13
1138 3 1 3 13
1139 2 3 13
1140 3 1 2 13
1141 2 2 13
1142 2 1 13
1143 1 13
1144 4 5 10 16 18
1145 4 2 3 4 13
1146 4 1 3 4 13
1147 3 3 4 13
1148 4 1 2 4 13
1149 3 2 4 13
1150 3 1 4 13
1151 2 4 13
1152 2 8 11
1153 3 1 8 11
1154 3 2 8 11
1155 3 13 14 18
1156 3 3 8 11
1157 4 1 3 8 11
1158 4 2 3 8 11
1159 4 3 13 14 18
1160 3 4 8 11
1161 4 1 4 8 11
1162 4 1 13 15 18
1163 3 13 15 18
1164 3 5 9 16
1165 4 1 5 9 16
1166 4 1 6 10 19
1167 3 6 10 19
1168 3 5 8 11
1169 4 1 5 8 11
1170 4 2 5 8 11
1171 4 5 13 14 18
1172 3 4 9 16
1173 4 1 4 9 16
1174 3 8 12 19
1175 4 1 8 12 19
1176 3 3 9 16
1177 4 1 3 9 16
1178 4 2 3 9 16
1179 4 5 13 15 18
1180 2 9 16
1181 3 1 9 16
1182 3 2 9 16
1183 4 1 2 9 16
1184 3 6 8 11
1185 4 1 6 8 11
1186 4 2 6 8 11
1187 4 3 4 10 19
1188 4 3 6 8 11
1189 4 2 4 10 19
1190 4 1 4 10 19
1191 3 4 10 19
1192 4 4 6 8 11
1193 4 2 3 10 19
1194 4 1 3 10 19
1195 3 3 10 19
1196 4 1 2 10 19
1197 3 2 10 19
1198 3 1 10 19
1199 2 10 19
1200 4 2 7 16 17
1201 4 4 10 11 12
1202 3 7 16 17
1203 4 1 7 16 17
1204 4 4 6 9 16
1205 4 2 7 8 13
1206 4 1 7 8 13
1207 3 7 8 13
1208 4 1 10 11 12
1209 3 10 11 12
1210 4 4 7 16 17
1211 4 2 10 11 12
1212 3 6 9 16
1213 4 1 6 9 16
1214 4 1 5 10 19
1215 3 5 10 19
1216 3 7 8 11
1217 3 14 17 19
1218 4 2 7 8 11
1219 4 2 14 17 19
1220 4 3 7 8 11
1221 4 3 14 17 19
1222 4 4 10 12 13
1223 4 5 6 8 13
1224 4 1 15 17 19
1225 3 15 17 19
1226 4 3 10 12 13
1227 4 2 15 17 19
1228 4 2 10 12 13
1229 4 3 15 17 19
1230 3 10 12 13
1231 4 1 10 12 13
1232 4 1 12 16 18
1233 3 12 16 18
1234 3 6 16 17
1235 4 1 6 16 17
1236 4 4 7 9 16
1237 4 2 6 8 13
1238 4 1 6 8 13
1239 3 6 8 13
1240 4 3 7 9 16
1241 4 4 12 16 18
1242 4 4 6 16 17
1243 4 8 9 18 19
1244 3 7 9 16
1245 4 1 7 9 16
1246 4 2 7 9 16
1247 4 4 6 8 13
1248 4 2 5 16 17
1249 4 6 14 17 19
1250 3 5 16 17
1251 4 1 5 16 17
1252 4 5 11 14 18
1253 4 2 5 8 13
1254 4 1 5 8 13
1255 3 5 8 13
1256 4 8 10 16 18
1257 4 6 15 17 19
1258 4 4 5 16 17
1259 4 3 7 10 19
1260 4 5 11 15 18
1261 4 2 7 10 19
1262 4 1 7 10 19
1263 3 7 10 19
1264 3 2 16 17
1265 4 1 2 16 17
1266 2 16 17
1267 3 1 16 17
1268 3 11 14 18
1269 3 2 8 13
1270 3 1 8 13
1271 2 8 13
1272 4 2 4 16 17
1273 4 7 10 11 12
1274 3 4 16 17
1275 4 1 4 16 17
1276 3 11 15 18
1277 4 1 11 15 18
1278 4 1 4 8 13
1279 3 4 8 13
1280 2 9 11
1281 3 1 9 11
1282 3 2 9 11
1283 4 1 2 9 11
1284 3 3 9 11
1285 4 1 3 9 11
1286 4 2 3 9 11
1287 4 6 8 15 19
1288 3 4 9 11
1289 3 5 13 17
1290 4 2 4 9 11
1291 4 2 5 13 17
1292 3 5 8 16
1293 4 1 5 8 16
1294 4 2 5 8 16
1295 4 6 8 14 19
1296 3 5 9 11
1297 3 4 13 17
1298 4 2 5 9 11
1299 4 2 4 13 17
1300 3 4 8 16
1301 4 1 4 8 16
1302 3 9 12 19
1303 4 1 9 12 19
1304 3 1 13 17
1305 2 13 17
1306 4 1 2 13 17
1307 3 2 13 17
1308 2 8 16
1309 3 1 8 16
1310 3 2 8 16
1311 4 1 2 8 16
1312 3 6 9 11
1313 4 1 6 9 11
1314 4 2 6 9 11
1315 4 3 8 15 19
1316 4 1 10 12 16
1317 3 10 12 16
1318 4 1 8 15 19
1319 3 8 15 19
1320 4 4 6 9 11
1321 4 5 6 13 17
1322 4 3 7 11 17
1323 4 3 8 14 19
1324 4 2 7 11 17
1325 4 2 8 14 19
1326 3 7 11 17
1327 3 8 14 19
1328 4 5 6 9 11
1329 4 4 6 13 17
1330 4 4 12 13 18
1331 4 3 7 9 13
1332 4 4 6 8 16
1333 4 2 7 9 13
1334 4 1 7 9 13
1335 3 7 9 13
1336 4 1 6 13 17
1337 3 6 13 17
1338 3 12 13 18
1339 4 1 12 13 18
1340 3 6 8 16
1341 4 1 6 8 16
1342 4 2 6 8 16
1343 4 4 7 9 13
1344 3 7 9 11
1345 4 1 7 9 11
1346 4 2 7 9 11
1347 4 4 5 18 19
1348 4 3 7 9 11
1349 4 4 11 12 18
1350 4 4 6 11 17
1351 4 5 6 9 13
1352 4 4 7 9 11
1353 4 2 5 18 19
1354 4 1 5 18 19
1355 3 5 18 19
1356 4 1 11 12 18
1357 3 11 12 18
1358 3 6 11 17
1359 4 1 6 11 17
1360 4 5 7 9 11
1361 4 2 4 18 19
1362 4 1 4 18 19
1363 3 4 18 19
1364 4 4 7 8 16
1365 4 2 6 9 13
1366 4 1 6 9 13
1367 3 6 9 13
1368 4 1 2 18 19
1369 3 2 18 19
1370 3 1 18 19
1371 2 18 19
1372 3 7 8 16
1373 4 1 7 8 16
1374 4 1 3 18 19
1375 3 3 18 19
1376 3 15 16 18
1377 4 1 15 16 18
1378 4 2 15 16 18
1379 4 3 5 9 13
1380 4 2 4 11 17
1381 4 2 5 9 13
1382 3 4 11 17
1383 3 5 9 13
1384 3 14 16 18
1385 4 1 14 16 18
1386 3 3 11 17
1387 4 1 3 11 17
1388 3 2 11 17
1389 4 1 2 11 17
1390 2 11 17
1391 3 1 11 17
1392 4 4 12 17 19
1393 4 2 3 9 13
1394 4 1 3 9 13
1395 3 3 9 13
1396 4 1 2 9 13
1397 3 2 9 13
1398 3 1 9 13
1399 2 9 13
1400 3 12 17 19
1401 4 1 12 17 19
1402 4 1 6 18 19
1403 3 6 18 19
1404 4 2 5 11 17
1405 4 2 4 9 13
1406 3 5 11 17
1407 3 4 9 13
1408 3 8 9 11
1409 4 1 8 9 11
1410 4 1 10 13 18
1411 3 10 13 18
1412 3 4 5 16
1413 4 1 4 5 16
1414 4 1 6 15 19
1415 3 6 15 19
1416 3 3 5 16
1417 4 1 3 5 16
1418 4 2 3 5 16
1419 4 3 6 14 19
1420 2 5 16
1421 3 1 5 16
1422 3 2 5 16
1423 3 6 14 19
1424 3 3 4 16
1425 4 1 3 4 16
1426 4 2 3 4 16
1427 4 5 10 13 18
1428 2 4 16
1429 3 1 4 16
1430 3 2 4 16
1431 4 1 2 4 16
1432 2 3 16
1433 3 1 3 16
1434 3 2 3 16
1435 4 1 2 3 16
1436 1 16
1437 2 1 16
1438 2 2 16
1439 3 1 2 16
1440 4 6 8 9 11
1441 4 2 3 15 19
1442 4 1 3 15 19
1443 3 3 15 19
1444 4 1 2 15 19
1445 3 2 15 19
1446 3 1 15 19
1447 2 15 19
1448 4 3 5 6 16
1449 4 2 3 14 19
1450 4 1 3 14 19
1451 3 3 14 19
1452 3 5 6 16
1453 3 2 14 19
1454 3 1 14 19
1455 2 14 19
1456 4 1 11 12 15
1457 3 11 12 15
1458 4 7 9 16 17
1459 4 2 11 12 15
1460 3 4 6 16
1461 4 1 4 6 16
1462 4 1 5 15 19
1463 3 5 15 19
1464 3 3 6 16
1465 3 11 12 14
1466 4 2 3 6 16
1467 4 2 11 12 14
1468 2 6 16
1469 3 1 6 16
1470 3 2 6 16
1471 3 5 14 19
1472 4 1 10 17 19
1473 3 10 17 19
1474 4 3 12 13 15
1475 4 2 10 17 19
1476 4 2 12 13 15
1477 4 3 10 17 19
1478 3 12 13 15
1479 4 1 12 13 15
1480 4 3 5 7 16
1481 4 4 10 17 19
1482 4 3 12 13 14
1483 4 5 8 18 19
1484 3 5 7 16
1485 4 1 5 7 16
1486 3 12 13 14
1487 4 1 12 13 14
1488 4 3 4 7 16
1489 4 5 10 17 19
1490 4 6 9 16 17
1491 4 4 8 18 19
1492 3 4 7 16
1493 4 1 4 7 16
1494 4 2 4 7 16
1495 4 6 8 9 13
1496 3 3 7 16
1497 4 1 3 7 16
1498 4 1 8 18 19
1499 3 8 18 19
1500 2 7 16
1501 3 1 7 16
1502 3 2 7 16
1503 4 1 2 7 16
1504 4 8 15 16 18
1505 4 6 10 17 19
1506 4 5 9 16 17
1507 4 3 7 15 19
1508 4 5 10 11 18
1509 4 2 7 15 19
1510 4 1 7 15 19
1511 3 7 15 19
1512 4 8 14 16 18
1513 4 2 11 13 16
1514 4 1 11 13 16
1515 3 11 13 16
1516 4 2 8 11 17
1517 4 2 7 14 19
1518 3 8 11 17
1519 3 7 14 19
1520 4 2 9 16 17
1521 4 7 11 12 15
1522 3 9 16 17
1523 4 1 9 16 17
1524 3 10 11 18
1525 4 1 10 11 18
1526 4 1 8 9 13
1527 3 8 9 13
1528 4 3 6 7 16
1529 4 7 11 12 14
1530 4 4 9 16 17
1531 4 5 11 13 16
1532 3 6 7 16
1533 4 1 6 7 16
1534 4 2 6 7 16
1535 4 4 8 9 13
1536 2 10 11
1537 3 1 10 11
1538 3 2 10 11
1539 4 1 2 10 11
1540 3 3 10 11
1541 4 1 3 10 11
1542 4 2 3 10 11
1543 4 4 6 8 19
1544 3 4 10 11
1545 4 1 4 10 11
1546 4 2 4 10 11
1547 4 3 6 8 19
1548 4 3 4 10 11
1549 4 2 6 8 19
1550 4 1 6 8 19
1551 3 6 8 19
1552 3 5 10 11
1553 3 13 15 17
1554 4 2 5 10 11
1555 4 2 13 15 17
1556 3 8 15 16
1557 4 1 8 15 16
1558 3 10 12 19
1559 4 1 10 12 19
1560 4 1 13 14 17
1561 3 13 14 17
1562 4 8 11 17 18
1563 4 2 13 14 17
1564 3 8 14 16
1565 4 1 8 14 16
1566 4 2 8 14 16
1567 4 5 6 8 19
1568 3 6 10 11
1569 4 1 6 10 11
1570 4 2 6 10 11
1571 4 3 4 8 19
1572 4 1 9 12 16
1573 3 9 12 16
1574 4 1 4 8 19
1575 3 4 8 19
1576 3 7 16 18
1577 4 1 7 16 18
1578 4 1 3 8 19
1579 3 3 8 19
1580 4 1 2 8 19
1581 3 2 8 19
1582 3 1 8 19
1583 2 8 19
1584 4 5 6 10 11
1585 4 4 8 11 12
1586 4 12 13 15 18
1587 4 3 7 10 13
1588 4 6 8 15 16
1589 4 2 7 10 13
1590 4 1 7 10 13
1591 3 7 10 13
1592 4 1 8 11 12
1593 3 8 11 12
1594 4 12 13 14 18
1595 4 2 8 11 12
1596 4 6 8 14 16
1597 4 2 5 8 19
1598 4 1 5 8 19
1599 3 5 8 19
1600 3 7 10 11
1601 4 1 7 10 11
1602 4 2 7 10 11
1603 4 4 12 16 17
1604 4 3 7 10 11
1605 4 11 12 15 18
1606 4 4 8 12 13
1607 4 5 6 10 13
1608 3 6 16 18
1609 4 1 6 16 18
1610 4 1 12 16 17
1611 3 12 16 17
1612 4 2 8 12 13
1613 4 11 12 14 18
1614 3 8 12 13
1615 4 1 8 12 13
1616 4 5 7 10 11
1617 4 2 15 18 19
1618 4 1 15 18 19
1619 3 15 18 19
1620 4 7 8 15 16
1621 4 2 6 10 13
1622 4 1 6 10 13
1623 3 6 10 13
1624 4 5 6 16 18
1625 4 2 14 18 19
1626 4 1 14 18 19
1627 3 14 18 19
1628 4 7 8 14 16
1629 4 11 16 17 19
1630 4 5 8 12 13
1631 4 3 14 18 19
1632 3 4 16 18
1633 4 1 4 16 18
1634 4 2 4 16 18
1635 4 3 5 10 13
1636 4 2 11 15 17
1637 4 2 5 10 13
1638 3 11 15 17
1639 3 5 10 13
1640 2 16 18
1641 3 1 16 18
1642 3 2 16 18
1643 4 1 2 16 18
1644 3 3 16 18
1645 4 1 3 16 18
1646 3 11 14 17
1647 3 7 8 19
1648 4 4 5 16 18
1649 4 2 3 10 13
1650 4 1 3 10 13
1651 3 3 10 13
1652 4 1 2 10 13
1653 3 2 10 13
1654 3 1 10 13
1655 2 10 13
1656 3 5 16 18
1657 4 1 5 16 18
1658 4 2 5 16 18
1659 4 3 4 10 13
1660 4 3 5 16 18
1661 4 2 4 10 13
1662 4 1 4 10 13
1663 3 4 10 13
1664 3 8 10 11
1665 4 1 8 10 11
1666 4 1 9 13 18
1667 3 9 13 18
1668 3 5 15 16
1669 4 1 5 15 16
1670 4 1 4 6 19
1671 3 4 6 19
1672 4 3 5 14 16
1673 4 2 3 6 19
1674 4 1 3 6 19
1675 3 3 6 19
1676 3 5 14 16
1677 3 2 6 19
1678 3 1 6 19
1679 2 6 19
1680 3 3 15 16
1681 4 1 3 15 16
1682 4 2 3 15 16
1683 4 5 9 13 18
1684 2 15 16
1685 3 1 15 16
1686 3 2 15 16
1687 4 1 2 15 16
1688 3 3 14 16
1689 3 6 11 12
1690 3 11 17 18
1691 4 1 11 17 18
1692 2 14 16
1693 3 1 14 16
1694 3 2 14 16
1695 3 5 6 19
1696 4 6 8 10 11
1697 4 2 3 4 19
1698 4 1 3 4 19
1699 3 3 4 19
1700 4 1 2 4 19
1701 3 2 4 19
1702 3 1 4 19
1703 2 4 19
1704 4 1 2 3 19
1705 3 2 3 19
1706 3 1 3 19
1707 2 3 19
1708 3 1 2 19
1709 2 2 19
1710 2 1 19
1711 1 19
1712 4 1 4 11 12
1713 3 4 11 12
1714 4 7 10 16 17
1715 4 2 4 11 12
1716 3 6 15 16
1717 4 1 6 15 16
1718 4 1 4 5 19
1719 3 4 5 19
1720 3 1 11 12
1721 2 11 12
1722 4 1 2 11 12
1723 3 2 11 12
1724 3 6 14 16
1725 3 2 5 19
1726 3 1 5 19
1727 2 5 19
1728 4 1 9 17 19
1729 3 9 17 19
1730 4 3 4 12 13
1731 4 2 9 17 19
1732 4 2 4 12 13
1733 4 3 9 17 19
1734 3 4 12 13
1735 4 1 4 12 13
1736 4 2 3 12 13
1737 4 4 9 17 19
1738 3 3 12 13
1739 4 1 3 12 13
1740 3 2 12 13
1741 4 1 2 12 13
1742 2 12 13
1743 3 1 12 13
1744 4 3 7 15 16
1745 4 5 9 17 19
1746 4 6 10 16 17
1747 4 8 15 18 19
1748 3 7 15 16
1749 4 1 7 15 16
1750 4 2 7 15 16
1751 4 6 8 10 13
1752 3 11 13 19
1753 4 1 11 13 19
1754 4 2 11 13 19
1755 4 8 14 18 19
1756 3 7 14 16
1757 4 1 7 14 16
1758 3 5 12 13
1759 4 1 5 12 13
1760 4 4 8 16 18
1761 4 6 9 17 19
1762 4 5 10 16 17
1763 4 3 4 7 19
1764 4 5 9 11 18
1765 4 2 4 7 19
1766 4 1 4 7 19
1767 3 4 7 19
1768 3 8 16 18
1769 4 1 8 16 18
1770 4 1 3 7 19
1771 3 3 7 19
1772 4 1 2 7 19
1773 3 2 7 19
1774 3 1 7 19
1775 2 7 19
1776 4 2 10 16 17
1777 4 4 7 11 12
1778 3 10 16 17
1779 4 1 10 16 17
1780 3 9 11 18
1781 4 1 9 11 18
1782 4 1 8 10 13
1783 3 8 10 13
1784 4 1 7 11 12
1785 3 7 11 12
1786 4 4 10 16 17
1787 4 2 7 11 12
1788 4 4 9 11 18
1789 4 2 5 7 19
1790 4 1 5 7 19
1791 3 5 7 19
1792 2 11 14
1793 3 1 11 14
1794 3 2 11 14
1795 3 8 13 18
1796 3 3 11 14
1797 3 6 12 16
1798 3 16 17 18
1799 4 1 16 17 18
1800 2 11 15
1801 3 1 11 15
1802 3 2 11 15
1803 4 1 2 11 15
1804 3 3 11 15
1805 4 1 3 11 15
1806 4 2 3 11 15
1807 4 6 8 9 19
1808 3 5 11 14
1809 4 1 5 11 14
1810 4 2 5 11 14
1811 4 5 8 13 18
1812 4 2 12 14 19
1813 4 5 6 12 16
1814 3 12 14 19
1815 4 1 12 14 19
1816 3 5 11 15
1817 3 10 13 17
1818 4 2 5 11 15
1819 4 2 10 13 17
1820 3 8 10 16
1821 4 1 8 10 16
1822 3 12 15 19
1823 4 1 12 15 19
1824 3 6 11 14
1825 3 3 12 16
1826 4 2 6 11 14
1827 4 2 3 12 16
1828 3 1 12 16
1829 2 12 16
1830 4 1 2 12 16
1831 3 2 12 16
1832 3 6 11 15
1833 4 1 6 11 15
1834 4 2 6 11 15
1835 4 3 8 9 19
1836 4 1 4 12 16
1837 3 4 12 16
1838 4 1 8 9 19
1839 3 8 9 19
1840 4 5 6 11 14
1841 4 2 11 16 19
1842 4 1 11 16 19
1843 3 11 16 19
1844 4 1 5 12 16
1845 3 5 12 16
1846 4 1 7 13 14
1847 3 7 13 14
1848 4 5 6 11 15
1849 4 6 10 13 17
1850 4 10 12 13 18
1851 4 3 7 13 15
1852 4 6 8 10 16
1853 4 2 7 13 15
1854 4 1 7 13 15
1855 3 7 13 15
1856 3 7 11 14
1857 3 8 17 19
1858 4 2 7 11 14
1859 4 2 8 17 19
1860 3 13 16 19
1861 4 1 13 16 19
1862 4 2 13 16 19
1863 4 5 6 13 14
1864 3 7 11 15
1865 4 1 7 11 15
1866 4 2 7 11 15
1867 4 5 10 18 19
1868 4 3 7 11 15
1869 4 10 11 12 18
1870 4 6 10 11 17
1871 4 5 6 13 15
1872 4 5 7 11 14
1873 4 5 8 17 19
1874 4 11 12 13 16
1875 4 3 6 13 14
1876 4 5 13 16 19
1877 4 2 6 13 14
1878 4 1 6 13 14
1879 3 6 13 14
1880 4 5 7 11 15
1881 4 2 10 18 19
1882 4 1 10 18 19
1883 3 10 18 19
1884 4 7 8 10 16
1885 4 2 6 13 15
1886 4 1 6 13 15
1887 3 6 13 15
1888 4 4 9 16 18
1889 4 3 7 12 16
1890 4 8 12 18 19
1891 4 3 5 13 14
1892 4 1 7 12 16
1893 3 7 12 16
1894 4 1 5 13 14
1895 3 5 13 14
1896 3 9 16 18
1897 4 1 9 16 18
1898 4 2 9 16 18
1899 4 3 5 13 15
1900 4 2 10 11 17
1901 4 2 5 13 15
1902 3 10 11 17
1903 3 5 13 15
1904 4 3 8 11 18
1905 4 2 3 13 14
1906 4 1 3 13 14
1907 3 3 13 14
1908 3 8 11 18
1909 3 2 13 14
1910 3 1 13 14
1911 2 13 14
1912 4 5 9 16 18
1913 4 2 3 13 15
1914 4 1 3 13 15
1915 3 3 13 15
1916 4 1 2 13 15
1917 3 2 13 15
1918 3 1 13 15
1919 2 13 15
1920 3 8 11 14
1921 3 2 13 18
1922 3 1 13 18
1923 2 13 18
1924 4 3 8 11 14
1925 4 2 3 13 18
1926 4 1 3 13 18
1927 3 3 13 18
1928 3 8 11 15
1929 4 1 8 11 15
1930 4 1 4 13 18
1931 3 4 13 18
1932 3 5 10 16
1933 4 1 5 10 16
1934 4 1 6 9 19
1935 3 6 9 19
1936 4 3 4 10 16
1937 4 2 5 13 18
1938 4 1 5 13 18
1939 3 5 13 18
1940 3 4 10 16
1941 4 1 4 10 16
1942 4 2 4 10 16
1943 4 3 5 13 18
1944 3 3 10 16
1945 4 1 3 10 16
1946 4 2 3 10 16
1947 4 4 5 13 18
1948 2 10 16
1949 3 1 10 16
1950 3 2 10 16
1951 4 1 2 10 16
1952 3 12 13 17
1953 4 1 12 13 17
1954 4 1 6 13 18
1955 3 6 13 18
1956 4 1 8 12 16
1957 3 8 12 16
1958 4 1 4 9 19
1959 3 4 9 19
1960 4 4 12 13 17
1961 4 2 3 9 19
1962 4 1 3 9 19
1963 3 3 9 19
1964 4 1 2 9 19
1965 3 2 9 19
1966 3 1 9 19
1967 2 9 19
1968 4 3 7 11 18
1969 4 4 9 11 12
1970 4 7 14 16 17
1971 4 5 6 13 18
1972 3 7 11 18
1973 4 1 7 11 18
1974 4 2 7 11 18
1975 4 4 5 9 19
1976 4 1 9 11 12
1977 3 9 11 12
1978 4 7 15 16 17
1979 4 2 9 11 12
1980 3 6 10 16
1981 4 1 6 10 16
1982 4 1 5 9 19
1983 3 5 9 19
1984 3 1 17 19
1985 2 17 19
1986 4 1 2 17 19
1987 3 2 17 19
1988 4 1 3 17 19
1989 3 3 17 19
1990 4 4 9 12 13
1991 4 2 3 17 19
1992 4 1 4 17 19
1993 3 4 17 19
1994 4 3 9 12 13
1995 4 2 4 17 19
1996 4 2 9 12 13
1997 4 3 4 17 19
1998 3 9 12 13
1999 4 1 9 12 13
2000 4 1 5 17 19
2001 3 5 17 19
2002 4 6 14 16 17
2003 4 2 5 17 19
2004 3 6 11 18
2005 4 1 6 11 18
2006 4 1 11 12 17
2007 3 11 12 17
2008 4 3 7 10 16
2009 4 4 5 17 19
2010 4 6 15 16 17
2011 4 8 10 18 19
2012 3 7 10 16
2013 4 1 7 10 16
2014 4 2 7 10 16
2015 4 4 11 12 17
2016 4 1 6 17 19
2017 3 6 17 19
2018 3 12 18 19
2019 4 1 12 18 19
2020 3 5 11 18
2021 4 1 5 11 18
2022 4 2 5 11 18
2023 4 4 7 9 19
2024 4 8 9 16 18
2025 4 4 6 17 19
2026 4 4 12 18 19
2027 4 3 7 9 19
2028 4 4 5 11 18
2029 4 2 7 9 19
2030 4 1 7 9 19
2031 3 7 9 19
2032 3 3 11 18
2033 4 1 3 11 18
2034 3 14 16 17
2035 4 1 14 16 17
2036 2 11 18
2037 3 1 11 18
2038 3 2 11 18
2039 3 8 13 14
2040 4 2 15 16 17
2041 4 7 9 11 12
2042 3 15 16 17
2043 4 1 15 16 17
2044 3 4 11 18
2045 4 1 4 11 18
2046 4 1 8 13 15
2047 3 8 13 15
