100000000001010100001111110000111001111111000101010
010000000011011110011100010101101000000011010010100
001000000010111110111001101011101010111011101111101
000100000000100010101000100000100101110100101110000
000010000011001100110000101111001010011011001001011
000001000010001110101001011100000011000101111100110
000000100000101111000001001111011000001010110011111
000000010011111100010010010100000000101011110100101
000000001011111011000111110000001001011110100011010
000000000100000000011111001110001101111010111010110
