20 9.0649999999999997e-01
1.0937235477264424e+00 1.3083462307087161e+00 1.5650845800732873e+00 1.8722030035247761e+00 2.2395876433994766e+00 2.6790646115963486e+00 3.2047806721300338e+00 3.8336586254776348e+00 4.5859420535417978e+00 5.4858469605709681e+00 6.5623412863586541e+00 7.8500773842522973e+00 9.3905074804397231e+00 1.1233218021148657e+01 1.3437525860396860e+01 1.6074387669578091e+01 1.9228684032780201e+01 2.3001951752865811e+01 2.7515652321250784e+01 3.2915081763425810e+01
1.0510488294292695e+00 1.1199893491879760e+00 1.2138673186454429e+00 1.3364159281489787e+00 1.4922073320528262e+00 1.6866390134187124e+00 1.9216623384060521e+00 2.2030333164439284e+00 2.5461701422742467e+00 2.9656566236376252e+00 3.4758279986870697e+00 4.0938640737572758e+00 4.8403466791162630e+00 5.7399273105111313e+00 6.8221260903267149e+00 8.1222874713393072e+00 9.6827232307191160e+00 1.1554079407859588e+01 1.3796971112858701e+01 1.6483937803506684e+01
1.1199893491879760e+00 1.2572974012794467e+00 1.3397662018798371e+00 1.4520659578296700e+00 1.5986624278936463e+00 1.7850249657562751e+00 2.0176102090512664e+00 2.2987524428588939e+00 2.6353371852391096e+00 3.0458081617721469e+00 3.5476109782753809e+00 4.1578938938704022e+00 4.8972079288849963e+00 5.7901737108152309e+00 6.8662801279721375e+00 8.1608400717463638e+00 9.7161336792552380e+00 1.1582775618428611e+01 1.3821350261687172e+01 1.6504367294851932e+01
1.2138673186454429e+00 1.3397662018798371e+00 1.5040183776451561e+00 1.6026701298551911e+00 1.7370066015457699e+00 1.9123698726777714e+00 2.1353025547661573e+00 2.4135282791880495e+00 2.7498393905834848e+00 3.1524725604760317e+00 3.6434907488278165e+00 4.2437629336004470e+00 4.9738023973611556e+00 5.8581929117942666e+00 6.9263864396458734e+00 8.2136585091330740e+00 9.7622515026590087e+00 1.1622742239335137e+01 1.3855677564058645e+01 1.6533530393281989e+01
1.3364159281489787e+00 1.4520659578296700e+00 1.6026701298551911e+00 1.7991537069848755e+00 1.9171640107998686e+00 2.0778614893797456e+00 2.2876365054404677e+00 2.5543155349981972e+00 2.8871378268746728e+00 3.2894436708462527e+00 3.7710860303641196e+00 4.3584573064739764e+00 5.0765216217016382e+00 5.9498176046448821e+00 7.0077531299779343e+00 8.2855595544050775e+00 9.8254345653355646e+00 1.1677909818513841e+01 1.3903486882899694e+01 1.6574593783351148e+01
1.4922073320528262e+00 1.5986624278936463e+00 1.7370066015457699e+00 1.9171640107998686e+00 2.1522037958243061e+00 2.2933714030337233e+00 2.4856027404877130e+00 2.7365421594390846e+00 3.0555519346754330e+00 3.4536843438912719e+00 3.9349351459302850e+00 4.5110907630739190e+00 5.2137226088656403e+00 6.0726935455227755e+00 7.1173574461510087e+00 8.3828929279275624e+00 9.9114448389199588e+00 1.1753491369326518e+01 1.3969480062278361e+01 1.6631784782144642e+01
1.6866390134187124e+00 1.7850249657562751e+00 1.9123698726777714e+00 2.0778614893797456e+00 2.2933714030337233e+00 2.5745333268512614e+00 2.7434024228623541e+00 2.9733555461217320e+00 3.2735371080929840e+00 3.6551465539692494e+00 4.1314049631470748e+00 4.7070921870183611e+00 5.3963075116390096e+00 6.2368176468815530e+00 7.2643454802173553e+00 8.5140050304625596e+00 1.0027878057017004e+01 1.1856379542009904e+01 1.4059893071418049e+01 1.6710727882228792e+01
1.9216623384060521e+00 2.0176102090512664e+00 2.1353025547661573e+00 2.2876365054404677e+00 2.4856027404877130e+00 2.7434024228623541e+00 3.0797370880619503e+00 3.2817435692322374e+00 3.5568206695484075e+00 3.9159072192983388e+00 4.3724003442318899e+00 4.9421155120057003e+00 5.6307705299806345e+00 6.4552314040182912e+00 7.4606758507461608e+00 8.6898367026705419e+00 1.0184718444616358e+01 1.1995660590080250e+01 1.4182971113574720e+01 1.6818882744543718e+01
2.2030333164439284e+00 2.2987524428588939e+00 2.4135282791880495e+00 2.5543155349981972e+00 2.7365421594390846e+00 2.9733555461217320e+00 3.2817435692322374e+00 3.6840775889992061e+00 3.9257240441452743e+00 4.2547798536330301e+00 4.6843303875317730e+00 5.2304017056384184e+00 5.9119127637882620e+00 6.7357033815353917e+00 7.7219492012914612e+00 8.9246932171791382e+00 1.0395053776657745e+01 1.2183277954966531e+01 1.4349583448685175e+01 1.6966112538465065e+01
2.5461701422742467e+00 2.6353371852391096e+00 2.7498393905834848e+00 2.8871378268746728e+00 3.0555519346754330e+00 3.2735371080929840e+00 3.5568206695484075e+00 3.9257240441452743e+00 4.4070085509497847e+00 4.6960735796873365e+00 5.0897004051598644e+00 5.6035421552927804e+00 6.2567697028098106e+00 7.0720144929308262e+00 8.0574585312009415e+00 9.2372365505298433e+00 1.0675996466566403e+01 1.2434887641375189e+01 1.4574017194008416e+01 1.7165419411837661e+01
2.9656566236376252e+00 3.0458081617721469e+00 3.1524725604760317e+00 3.2894436708462527e+00 3.4536843438912719e+00 3.6551465539692494e+00 3.9159072192983388e+00 4.2547798536330301e+00 4.6960735796873365e+00 5.2718011222506593e+00 5.6175897281233711e+00 6.0884584174584102e+00 6.7031319502397668e+00 7.4845431225287680e+00 8.4597643751725204e+00 9.6385832784732610e+00 1.1049870552913504e+01 1.2770960052133137e+01 1.4875000550823648e+01 1.7433894060068372e+01
3.4758279986870697e+00 3.5476109782753809e+00 3.6434907488278165e+00 3.7710860303641196e+00 3.9349351459302850e+00 4.1314049631470748e+00 4.3724003442318899e+00 4.6843303875317730e+00 5.0897004051598644e+00 5.6175897281233711e+00 6.3062929765756168e+00 6.7199360951278555e+00 7.2832039118726577e+00 8.0184955688938722e+00 8.9532439923169562e+00 1.0119834080512275e+01 1.1529974030436312e+01 1.3218199898663569e+01 1.5277020853645482e+01 1.7793939741825753e+01
4.0938640737572758e+00 4.1578938938704022e+00 4.2437629336004470e+00 4.3584573064739764e+00 4.5110907630739190e+00 4.7070921870183611e+00 4.9421155120057003e+00 5.2304017056384184e+00 5.6035421552927804e+00 6.0884584174584102e+00 6.7199360951278555e+00 7.5437844076766805e+00 8.0385972112790220e+00 8.7123957469780198e+00 9.5919745673618788e+00 1.0710149794537651e+01 1.2105661254307599e+01 1.3792514657153363e+01 1.5812023111434659e+01 1.8274848970632881e+01
4.8403466791162630e+00 4.8972079288849963e+00 4.9738023973611556e+00 5.0765216217016382e+00 5.2137226088656403e+00 5.3963075116390096e+00 5.6307705299806345e+00 5.9119127637882620e+00 6.2567697028098106e+00 6.7031319502397668e+00 7.2832039118726577e+00 8.0385972112790220e+00 9.0241102658709362e+00 9.6160207791311461e+00 1.0422039609274618e+01 1.1474219236066627e+01 1.2811815328596944e+01 1.4481169675128298e+01 1.6499036343500908e+01 1.8914835362856188e+01
5.7399273105111313e+00 5.7901737108152309e+00 5.8581929117942666e+00 5.9498176046448821e+00 6.0726935455227755e+00 6.2368176468815530e+00 6.4552314040182912e+00 6.7357033815353917e+00 7.0720144929308262e+00 7.4845431225287680e+00 8.0184955688938722e+00 8.7123957469780198e+00 9.6160207791311461e+00 1.0794922241909253e+01 1.1502984064799211e+01 1.2467168936278473e+01 1.3725819032642807e+01 1.5325893209989184e+01 1.7322826961248037e+01 1.9736662025077518e+01
6.8221260903267149e+00 6.8662801279721375e+00 6.9263864396458734e+00 7.0077531299779343e+00 7.1173574461510087e+00 7.2643454802173553e+00 7.4606758507461608e+00 7.7219492012914612e+00 8.0574585312009415e+00 8.4597643751725204e+00 8.9532439923169562e+00 9.5919745673618788e+00 1.0422039609274618e+01 1.1502984064799211e+01 1.2913222774945837e+01 1.3760228418202340e+01 1.4913616442926278e+01 1.6419252956634509e+01 1.8333311608052597e+01 2.0722106063347631e+01
8.1222874713393072e+00 8.1608400717463638e+00 8.2136585091330740e+00 8.2855595544050775e+00 8.3828929279275624e+00 8.5140050304625596e+00 8.6898367026705419e+00 8.9246932171791382e+00 9.2372365505298433e+00 9.6385832784732610e+00 1.0119834080512275e+01 1.0710149794537651e+01 1.1474219236066627e+01 1.2467168936278473e+01 1.3760228418202340e+01 1.5447199961107570e+01 1.6460414537174124e+01 1.7840133276730391e+01 1.9641222648557907e+01 2.1930879323815496e+01
9.6827232307191160e+00 9.7161336792552380e+00 9.7622515026590087e+00 9.8254345653355646e+00 9.9114448389199588e+00 1.0027878057017004e+01 1.0184718444616358e+01 1.0395053776657745e+01 1.0675996466566403e+01 1.1049870552913504e+01 1.1529974030436312e+01 1.2105661254307599e+01 1.2811815328596944e+01 1.3725819032642807e+01 1.4913616442926278e+01 1.6460414537174124e+01 1.8478422528371702e+01 1.9690461415393425e+01 2.1340924017290444e+01 2.3495443315790034e+01
1.1554079407859588e+01 1.1582775618428611e+01 1.1622742239335137e+01 1.1677909818513841e+01 1.1753491369326518e+01 1.1856379542009904e+01 1.1995660590080250e+01 1.2183277954966531e+01 1.2434887641375189e+01 1.2770960052133137e+01 1.3218199898663569e+01 1.3792514657153363e+01 1.4481169675128298e+01 1.5325893209989184e+01 1.6419252956634509e+01 1.7840133276730391e+01 1.9690461415393425e+01 2.2104465533995239e+01 2.3554344264871649e+01 2.5528679121798181e+01
1.3796971112858701e+01 1.3821350261687172e+01 1.3855677564058645e+01 1.3903486882899694e+01 1.3969480062278361e+01 1.4059893071418049e+01 1.4182971113574720e+01 1.4349583448685175e+01 1.4574017194008416e+01 1.4875000550823648e+01 1.5277020853645482e+01 1.5812023111434659e+01 1.6499036343500908e+01 1.7322826961248037e+01 1.8333311608052597e+01 1.9641222648557907e+01 2.1340924017290444e+01 2.3554344264871649e+01 2.6442051305698705e+01 2.8176441478124019e+01
1.6483937803506684e+01 1.6504367294851932e+01 1.6533530393281989e+01 1.6574593783351148e+01 1.6631784782144642e+01 1.6710727882228792e+01 1.6818882744543718e+01 1.6966112538465065e+01 1.7165419411837661e+01 1.7433894060068372e+01 1.7793939741825753e+01 1.8274848970632881e+01 1.8914835362856188e+01 1.9736662025077518e+01 2.0722106063347631e+01 2.1930879323815496e+01 2.3495443315790034e+01 2.5528679121798181e+01 2.8176441478124019e+01 3.1630806733503956e+01
