20 9.0600000000000003e-01
1.1095694720678451e+00 1.3660402567543954e+00 1.6817928305074290e+00 2.0705298476827552e+00 2.5491212546385245e+00 3.1383363915870031e+00 3.8637453156993824e+00 4.7568284600108841e+00 5.8563427837825017e+00 7.2100037008866416e+00 8.8765557765427605e+00 1.0928322054035164e+01 1.3454342644059432e+01 1.6564238781462041e+01 2.0392970037108196e+01 2.5106691132696024e+01 3.0909962525595059e+01 3.8054627680087073e+01 4.6850742270260014e+01 5.7680029607093132e+01
1.0604603819468792e+00 1.1454276466571576e+00 1.2651947114618531e+00 1.4259783772565129e+00 1.6356313307566910e+00 1.8990421546107759e+00 2.2233424532184736e+00 2.6294784993865656e+00 3.1423532842914144e+00 3.7856033325528151e+00 4.5883792288979404e+00 5.5866205318595465e+00 6.8246271419033935e+00 8.3569941634202269e+00 1.0250993350741377e+01 1.2589503917119304e+01 1.5474619592834088e+01 1.9032088361800060e+01 2.3416777567654396e+01 2.8819401647753807e+01
1.1454276466571576e+00 1.3055798748075165e+00 1.4101868480727742e+00 1.5576374008097940e+00 1.7555853127100052e+00 2.0136983751530111e+00 2.3379951393555496e+00 2.7372556402325050e+00 3.2372677645303440e+00 3.8686906907114245e+00 4.6606243940122960e+00 5.6489574539655543e+00 6.8779366572768854e+00 8.4021015789164473e+00 1.0288666676650884e+01 1.2620453195001129e+01 1.5499497414345370e+01 1.9051491460355471e+01 2.3431249260916942e+01 2.8829434880958267e+01
1.2651947114618531e+00 1.4101868480727742e+00 1.6073573690448291e+00 1.7361436597772721e+00 1.9176765840240739e+00 2.1613790498933110e+00 2.4791535047313649e+00 2.8784096542451540e+00 3.3699569893691104e+00 3.9855441228031192e+00 4.7629169308288555e+00 5.7379016853872740e+00 6.9546824106728149e+00 8.4677332909466454e+00 1.0344200419239483e+01 1.2666834499726741e+01 1.5537600444906639e+01 1.9082119651325279e+01 2.3455137277305017e+01 2.8847251625270093e+01
1.4259783772565129e+00 1.5576374008097940e+00 1.7361436597772721e+00 1.9788890451483241e+00 2.1374435674989858e+00 2.3609368130236015e+00 2.6609697423968925e+00 3.0521959871744890e+00 3.5437379651419931e+00 4.1489037206744337e+00 4.9067803809287254e+00 5.8638385706158607e+00 7.0641856042869220e+00 8.5622183964879905e+00 1.0425002534843724e+01 1.2735204556666831e+01 1.5594702529103225e+01 1.9129029984532295e+01 2.3492845003508357e+01 2.8876661223192162e+01
1.6356313307566910e+00 1.7555853127100052e+00 1.9176765840240739e+00 2.1374435674989858e+00 2.4362981925638150e+00 2.6315017069664037e+00 2.9066541676143585e+00 3.2760380324317957e+00 3.7576940380436441e+00 4.3628531981428464e+00 5.1078996372142660e+00 6.0409552534908402e+00 7.2192320969701562e+00 8.6970326415494252e+00 1.0541327344675256e+01 1.2834683629879443e+01 1.5678875942745091e+01 1.9199330896481275e+01 2.3550598398164325e+01 2.8923084879647345e+01
1.8990421546107759e+00 2.0136983751530111e+00 2.1613790498933110e+00 2.3609368130236015e+00 2.6315017069664037e+00 2.9994349090172578e+00 3.2397586252392991e+00 3.5785110399841353e+00 4.0332759215338765e+00 4.6262640219969322e+00 5.3713023411375671e+00 6.2885621022828682e+00 7.4372883116018702e+00 8.8879172648251128e+00 1.0707303149321955e+01 1.2977896269636943e+01 1.5801349047975528e+01 1.9302960524438625e+01 2.3637148973163363e+01 2.8994187648829744e+01
2.2233424532184736e+00 2.3379951393555496e+00 2.4791535047313649e+00 2.6609697423968925e+00 2.9066541676143585e+00 3.2397586252392991e+00 3.6927375314283144e+00 3.9886107320493691e+00 4.4056638749695747e+00 4.9655451182750010e+00 5.6955991053401052e+00 6.6128488696779852e+00 7.7421281001981157e+00 9.1563759552640871e+00 1.0942309686861266e+01 1.3182236454278152e+01 1.5977664489333351e+01 1.9453742603728081e+01 2.3764732010680067e+01 2.9100743905711600e+01
2.6294784993865656e+00 2.7372556402325050e+00 2.8784096542451540e+00 3.0521959871744890e+00 3.2760380324317957e+00 3.5785110399841353e+00 3.9886107320493691e+00 4.5462931817670666e+00 4.9105558197701580e+00 5.4240084667443069e+00 6.1133031315763890e+00 7.0121050191917744e+00 8.1413719421982957e+00 9.5316777579595993e+00 1.1272821103809102e+01 1.3471563440069207e+01 1.6229236766076244e+01 1.9670812374342212e+01 2.3950366525229814e+01 2.9257817049587867e+01
3.1423532842914144e+00 3.2372677645303440e+00 3.3699569893691104e+00 3.5437379651419931e+00 3.7576940380436441e+00 4.0332759215338765e+00 4.4056638749695747e+00 4.9105558197701580e+00 5.5971434521606076e+00 6.0456033639283948e+00 6.6777377217677794e+00 7.5263589975242535e+00 8.6329139201657998e+00 1.0023204583600483e+01 1.1734871821515959e+01 1.3878470724591249e+01 1.6585440068262827e+01 1.9980534177406685e+01 2.4217610760627462e+01 2.9486359945099782e+01
3.7856033325528151e+00 3.8686906907114245e+00 3.9855441228031192e+00 4.1489037206744337e+00 4.3628531981428464e+00 4.6262640219969322e+00 4.9655451182750010e+00 5.4240084667443069e+00 6.0456033639283948e+00 6.8908918918176107e+00 7.4430108067996770e+00 8.2212594899370099e+00 9.2660348326302291e+00 1.0628363743699685e+01 1.2340012326912891e+01 1.4447321884378054e+01 1.7086401698351491e+01 2.0419071882908707e+01 2.4598923028161405e+01 2.9815376192508229e+01
4.5883792288979404e+00 4.6606243940122960e+00 4.7629169308288555e+00 4.9067803809287254e+00 5.1078996372142660e+00 5.3713023411375671e+00 5.6955991053401052e+00 6.1133031315763890e+00 6.6777377217677794e+00 7.4430108067996770e+00 8.4836830555750335e+00 9.1634211732572606e+00 1.0121557691694825e+01 1.1407827018052103e+01 1.3085050646053528e+01 1.5192337236886207e+01 1.7786739625747789e+01 2.1035827995092525e+01 2.5138826274331315e+01 3.0284826660422521e+01
5.5866205318595465e+00 5.6489574539655543e+00 5.7379016853872740e+00 5.8638385706158607e+00 6.0409552534908402e+00 6.2885621022828682e+00 6.6128488696779852e+00 7.0121050191917744e+00 7.5263589975242535e+00 8.2212594899370099e+00 9.1634211732572606e+00 1.0444638998460132e+01 1.1281494784582193e+01 1.2461099206478352e+01 1.4044682501680041e+01 1.6109587001224089e+01 1.8703961114844397e+01 2.1898045121860040e+01 2.5898142116242752e+01 3.0949525525691396e+01
6.8246271419033935e+00 6.8779366572768854e+00 6.9546824106728149e+00 7.0641856042869220e+00 7.2192320969701562e+00 7.4372883116018702e+00 7.7421281001981157e+00 8.1413719421982957e+00 8.6329139201657998e+00 9.2660348326302291e+00 1.0121557691694825e+01 1.1281494784582193e+01 1.2858858952358633e+01 1.3889149278218177e+01 1.5341412672192591e+01 1.7291032399146488e+01 1.9833228037850919e+01 2.3027277233961232e+01 2.6959655914952883e+01 3.1884352982424954e+01
8.3569941634202269e+00 8.4021015789164473e+00 8.4677332909466454e+00 8.5622183964879905e+00 8.6970326415494252e+00 8.8879172648251128e+00 9.1563759552640871e+00 9.5316777579595993e+00 1.0023204583600483e+01 1.0628363743699685e+01 1.1407827018052103e+01 1.2461099206478352e+01 1.3889149278218177e+01 1.5831112361186593e+01 1.7099548539991886e+01 1.8887494504188812e+01 2.1287757939175140e+01 2.4417567897395912e+01 2.8349903721135945e+01 3.3191229765395470e+01
1.0250993350741377e+01 1.0288666676650884e+01 1.0344200419239483e+01 1.0425002534843724e+01 1.0541327344675256e+01 1.0707303149321955e+01 1.0942309686861266e+01 1.1272821103809102e+01 1.1734871821515959e+01 1.2340012326912891e+01 1.3085050646053528e+01 1.4044682501680041e+01 1.5341412672192591e+01 1.7099548539991886e+01 1.9490385540510520e+01 2.1052013655731230e+01 2.3253233340914868e+01 2.6208304259454366e+01 3.0061552304349153e+01 3.4902825585142772e+01
1.2589503917119304e+01 1.2620453195001129e+01 1.2666834499726741e+01 1.2735204556666831e+01 1.2834683629879443e+01 1.2977896269636943e+01 1.3182236454278152e+01 1.3471563440069207e+01 1.3878470724591249e+01 1.4447321884378054e+01 1.5192337236886207e+01 1.6109587001224089e+01 1.7291032399146488e+01 1.8887494504188812e+01 2.1052013655731230e+01 2.3995479272138063e+01 2.5918069001914393e+01 2.8628088319873083e+01 3.2266207372271012e+01 3.7010112175975458e+01
1.5474619592834088e+01 1.5499497414345370e+01 1.5537600444906639e+01 1.5594702529103225e+01 1.5678875942745091e+01 1.5801349047975528e+01 1.5977664489333351e+01 1.6229236766076244e+01 1.6585440068262827e+01 1.7086401698351491e+01 1.7786739625747789e+01 1.8703961114844397e+01 1.9833228037850919e+01 2.1287757939175140e+01 2.3253233340914868e+01 2.5918069001914393e+01 2.9541900251426515e+01 3.1908885856394953e+01 3.5245310999756597e+01 3.9724360946200008e+01
1.9032088361800060e+01 1.9051491460355471e+01 1.9082119651325279e+01 1.9129029984532295e+01 1.9199330896481275e+01 1.9302960524438625e+01 1.9453742603728081e+01 1.9670812374342212e+01 1.9980534177406685e+01 2.0419071882908707e+01 2.1035827995092525e+01 2.1898045121860040e+01 2.3027277233961232e+01 2.4417567897395912e+01 2.6208304259454366e+01 2.8628088319873083e+01 3.1908885856394953e+01 3.6370345454136533e+01 3.9284446558161264e+01 4.3392067733954455e+01
2.3416777567654396e+01 2.3431249260916942e+01 2.3455137277305017e+01 2.3492845003508357e+01 2.3550598398164325e+01 2.3637148973163363e+01 2.3764732010680067e+01 2.3950366525229814e+01 2.4217610760627462e+01 2.4598923028161405e+01 2.5138826274331315e+01 2.5898142116242752e+01 2.6959655914952883e+01 2.8349903721135945e+01 3.0061552304349153e+01 3.2266207372271012e+01 3.5245310999756597e+01 3.9284446558161264e+01 4.4777147617284861e+01 4.8364826911427159e+01
2.8819401647753807e+01 2.8829434880958267e+01 2.8847251625270093e+01 2.8876661223192162e+01 2.8923084879647345e+01 2.8994187648829744e+01 2.9100743905711600e+01 2.9257817049587867e+01 2.9486359945099782e+01 2.9815376192508229e+01 3.0284826660422521e+01 3.0949525525691396e+01 3.1884352982424954e+01 3.3191229765395470e+01 3.4902825585142772e+01 3.7010112175975458e+01 3.9724360946200008e+01 4.3392067733954455e+01 4.8364826911427159e+01 5.5127135134540886e+01
