26 9.0720000000000001e-01
1.1002895062583440e+00 1.3320511843278364e+00 1.6126304464205061e+00 1.9523100818642136e+00 2.3635388158576101e+00 2.8613875356989174e+00 3.4641016151377544e+00 4.1937695786701266e+00 5.0771326112728978e+00 6.1465645808382501e+00 7.4412584895913003e+00 9.0086628360720944e+00 1.0906220528092943e+01 1.3203474075100129e+01 1.5984614211934037e+01 1.9351565357046074e+01 2.3427720982370563e+01 2.8362465790291321e+01 3.4336650428387010e+01 4.1569219381653056e+01 5.0325234944041519e+01 6.0925591335274774e+01 7.3758774970059008e+01 8.9295101875095611e+01 1.0810395403286515e+02 1.3087464633711531e+02
1.0549227154337850e+00 1.1303510162975694e+00 1.2345811581766384e+00 1.3722664785392762e+00 1.5491807391328518e+00 1.7710824926702886e+00 2.0405280690953269e+00 2.3685558373700570e+00 2.7755807868297633e+00 3.2784854668020391e+00 3.8966902761011930e+00 4.6537447570270878e+00 5.5781974670151975e+00 6.7046498213624330e+00 8.0750319807191229e+00 9.7401471308665641e+00 1.1761540480801086e+01 1.4213761327695519e+01 1.7187101034275795e+01 2.0790907266944856e+01 2.5157595998291168e+01 3.0447508367461776e+01 3.6854790460296229e+01 4.4614511557942436e+01 5.4011281785205107e+01 6.5389685033554400e+01
1.1303510162975694e+00 1.2771284688940514e+00 1.3684447605845125e+00 1.4946296266065582e+00 1.6613165694615297e+00 1.8754955187360163e+00 2.1441379913968110e+00 2.4703387750518324e+00 2.8674613275595515e+00 3.3602207903145094e+00 3.9690558021461979e+00 4.7174774163670214e+00 5.6339955801613204e+00 6.7531722333880815e+00 8.1168971295744541e+00 9.7759324725182903e+00 1.1791782478521474e+01 1.4238956054618891e+01 1.7207705338111719e+01 2.0807340393278093e+01 2.5170241550664699e+01 3.0456716485757955e+01 3.6860880113843763e+01 4.4617772869375258e+01 5.4011978321105147e+01 6.5388056016008520e+01
1.2345811581766384e+00 1.3684447605845125e+00 1.5461389751086854e+00 1.6566898563111683e+00 1.8094539236524139e+00 2.0112513036865174e+00 2.2705442637814985e+00 2.5957727803066293e+00 2.9906835176397153e+00 3.4714547722798521e+00 4.0680076087997472e+00 4.8050857995466041e+00 5.7111526955125482e+00 6.8207234935580576e+00 8.1756401567846329e+00 9.8266159706318419e+00 1.1835105537096172e+01 1.4275568135939988e+01 1.7238207006669136e+01 2.0832284725811292e+01 2.5190136101389658e+01 3.0472025659316216e+01 3.6872027802531228e+01 4.4625145229262358e+01 5.4015926585386360e+01 6.5388899268139255e+01
1.3722664785392762e+00 1.4946296266065582e+00 1.6566898563111683e+00 1.8718130466704457e+00 2.0056500335694896e+00 2.1905918653939449e+00 2.4348952396783923e+00 2.7488048903819893e+00 3.1425385651560966e+00 3.6206321145140086e+00 4.2026715827553858e+00 4.9248805176589947e+00 5.8172146454881126e+00 6.9141327520289737e+00 8.2574202115797082e+00 9.8977324527224635e+00 1.1896464855079328e+01 1.4328016633498942e+01 1.7282530946874946e+01 2.0869211174254890e+01 2.5220334633234344e+01 3.0496110738474130e+01 3.6890561654443268e+01 4.4638641033624936e+01 5.4024851837025182e+01 6.5393679182954330e+01
1.5491807391328518e+00 1.6613165694615297e+00 1.8094539236524139e+00 2.0056500335694896e+00 2.2660861268563557e+00 2.4281141348412665e+00 2.6520115588485829e+00 2.9477742623915142e+00 3.3278048994314036e+00 3.8044734533069473e+00 4.3832711924650418e+00 5.0879097067711410e+00 5.9622425633499070e+00 7.0425352727051083e+00 8.3705049158013214e+00 9.9967384127216850e+00 1.1982561099436129e+01 1.4402300493995764e+01 1.7346027038487417e+01 2.0922871376146666e+01 2.5265039157909474e+01 3.0532670198397970e+01 3.6919719942361539e+01 4.4661078800457361e+01 5.4041190357098650e+01 6.5404484422801019e+01
1.7710824926702886e+00 1.8754955187360163e+00 2.0112513036865174e+00 2.1905918653939449e+00 2.4281141348412665e+00 2.7434077048801240e+00 2.9395648059912061e+00 3.2106233111578191e+00 3.5686845825718367e+00 4.0287637319870715e+00 4.6058363188928224e+00 5.3065502760345620e+00 6.1596117313749001e+00 7.2181114357509122e+00 8.5259537579146674e+00 1.0133642939513013e+01 1.2102421377592334e+01 1.4506531792766987e+01 1.7435957828328107e+01 2.0999742093854596e+01 2.5330002183617392e+01 3.0586791149929013e+01 3.6963980177156962e+01 4.4696378902597367e+01 5.4068354347769102e+01 6.5424264439687690e+01
2.0405280690953269e+00 2.1441379913968110e+00 2.2705442637814985e+00 2.4348952396783923e+00 2.6520115588485829e+00 2.9395648059912061e+00 3.3212708669800315e+00 3.5587459109235855e+00 3.8868993657876216e+00 4.3203815883627641e+00 4.8773704284610098e+00 5.5759958524595996e+00 6.4243060936976377e+00 7.4570538527439938e+00 8.7385127567914473e+00 1.0321835059006746e+01 1.2268163062862403e+01 1.4651639080043385e+01 1.7562144094926595e+01 2.1108615635257525e+01 2.5423064718505309e+01 3.0665437792325903e+01 3.7029501003424798e+01 4.4749961980362386e+01 5.4111089957438232e+01 6.5457150171795320e+01
2.3685558373700570e+00 2.4703387750518324e+00 2.5957727803066293e+00 2.7488048903819893e+00 2.9477742623915142e+00 3.2106233111578191e+00 3.5587459109235855e+00 4.0208533905580364e+00 4.3083494647585692e+00 4.7056241781014014e+00 5.2304137945450444e+00 5.9047250916083938e+00 6.7505068773526595e+00 7.7775026408233359e+00 9.0277852870949928e+00 1.0579166847216017e+01 1.2495995405374932e+01 1.4852292096272960e+01 1.7737816345522194e+01 2.1261381398188433e+01 2.5554871055785497e+01 3.0778102740150000e+01 3.7124713538446095e+01 4.4829283916754385e+01 5.4175959613824887e+01 6.5508887481974995e+01
2.7755807868297633e+00 2.8674613275595515e+00 2.9906835176397153e+00 3.1425385651560966e+00 3.3278048994314036e+00 3.5686845825718367e+00 3.8868993657876216e+00 4.3083494647585692e+00 4.8677938764635131e+00 5.2158472605503245e+00 5.6968027267270323e+00 6.3321324523406943e+00 7.1484786564532463e+00 8.1724133781564223e+00 9.4157324457742320e+00 1.0929370874785716e+01 1.2807530788835072e+01 1.5128114359364456e+01 1.7980734310646188e+01 2.1474056724208001e+01 2.5739814940353529e+01 3.0937672368577196e+01 3.7261109892612616e+01 4.4944551734284758e+01 5.4271989684740902e+01 6.5587421088017138e+01
3.2784854668020391e+00 3.3602207903145094e+00 3.4714547722798521e+00 3.6206321145140086e+00 3.8044734533069473e+00 4.0287637319870715e+00 4.3203815883627641e+00 4.7056241781014014e+00 5.2158472605503245e+00 5.8931313634509541e+00 6.3144976673601461e+00 6.8967601489030779e+00 7.6659138203947439e+00 8.6542127379292157e+00 9.8938259951321434e+00 1.1399034058189708e+01 1.3231500741313257e+01 1.5505270620637267e+01 1.8314654947101612e+01 2.1768142200164498e+01 2.5997287558505683e+01 3.1161572277711834e+01 3.7454290788477032e+01 4.5109678206974088e+01 5.4411537169273736e+01 6.5703678644748507e+01
3.8966902761011930e+00 3.9690558021461979e+00 4.0680076087997472e+00 4.2026715827553858e+00 4.3832711924650418e+00 4.6058363188928224e+00 4.8773704284610098e+00 5.2304137945450444e+00 5.6968027267270323e+00 6.3144976673601461e+00 7.1344428602059393e+00 7.6445644972528859e+00 8.3494729997127983e+00 9.2806388912468183e+00 1.0477110125484520e+01 1.1977831797347802e+01 1.3800092367544377e+01 1.6018544330970538e+01 1.8771254270868269e+01 2.2172398876913640e+01 2.6353318316150194e+01 3.1473278155111196e+01 3.7725352302230725e+01 4.5343550146733627e+01 5.4611445386391679e+01 6.5872619992443489e+01
4.6537447570270878e+00 4.7174774163670214e+00 4.8050857995466041e+00 4.9248805176589947e+00 5.0879097067711410e+00 5.3065502760345620e+00 5.5759958524595996e+00 5.9047250916083938e+00 6.3321324523406943e+00 6.8967601489030779e+00 7.6445644972528859e+00 8.6372204837017001e+00 9.2547926107779475e+00 1.0108180923766202e+01 1.1235484802943930e+01 1.2683977145654964e+01 1.4500806324686115e+01 1.6706902390201378e+01 1.9392642414484030e+01 2.2725174911336580e+01 2.6842726405542347e+01 3.1904302162592874e+01 3.8102714969774219e+01 4.5671707243904486e+01 5.4894579409360901e+01 6.6114636276207179e+01
5.5781974670151975e+00 5.6339955801613204e+00 5.7111526955125482e+00 5.8172146454881126e+00 5.9622425633499070e+00 6.1596117313749001e+00 6.4243060936976377e+00 6.7505068773526595e+00 7.1484786564532463e+00 7.6659138203947439e+00 8.3494729997127983e+00 9.2547926107779475e+00 1.0456538673844365e+01 1.1204194339558425e+01 1.2237337804566293e+01 1.3602093588216817e+01 1.5355692009017355e+01 1.7555212631439417e+01 2.0225994148572788e+01 2.3477450387856763e+01 2.7511937524191548e+01 3.2496797702527047e+01 3.8624528580077701e+01 4.6128556450738969e+01 5.5291858532215137e+01 6.6457408799688011e+01
6.7046498213624330e+00 6.7531722333880815e+00 6.8207234935580576e+00 6.9141327520289737e+00 7.0425352727051083e+00 7.2181114357509122e+00 7.4570538527439938e+00 7.7775026408233359e+00 8.1724133781564223e+00 8.6542127379292157e+00 9.2806388912468183e+00 1.0108180923766202e+01 1.1204194339558425e+01 1.2659072585205422e+01 1.3564212195570834e+01 1.4814973898119661e+01 1.6467197742471313e+01 1.8590168869594219e+01 2.1252989912043464e+01 2.4486336829143919e+01 2.8422670048440683e+01 3.3306969441957158e+01 3.9341825601624471e+01 4.6760283313214316e+01 5.5844937084325053e+01 6.6938369604182370e+01
8.0750319807191229e+00 8.1168971295744541e+00 8.1756401567846329e+00 8.2574202115797082e+00 8.3705049158013214e+00 8.5259537579146674e+00 8.7385127567914473e+00 9.0277852870949928e+00 9.4157324457742320e+00 9.8938259951321434e+00 1.0477110125484520e+01 1.1235484802943930e+01 1.2237337804566293e+01 1.3564212195570834e+01 1.5325541626728615e+01 1.6421337127014148e+01 1.7935555519278697e+01 1.9935798833538357e+01 2.2505946224832194e+01 2.5729655896761731e+01 2.9644065300621989e+01 3.4409535930714618e+01 4.0322649483774114e+01 4.7628669625754377e+01 5.6609728996404257e+01 6.7607946961935852e+01
9.7401471308665641e+00 9.7759324725182903e+00 9.8266159706318419e+00 9.8977324527224635e+00 9.9967384127216850e+00 1.0133642939513013e+01 1.0321835059006746e+01 1.0579166847216017e+01 1.0929370874785716e+01 1.1399034058189708e+01 1.1977831797347802e+01 1.2683977145654964e+01 1.3602093588216817e+01 1.4814973898119661e+01 1.6421337127014148e+01 1.8553667701304224e+01 1.9880278275734021e+01 2.1713447083828967e+01 2.4135015644238209e+01 2.7246531165377984e+01 3.1149273363679551e+01 3.5888202211676585e+01 4.1657457267358225e+01 4.8816091305596970e+01 5.7661029594559253e+01 6.8533832346150575e+01
1.1761540480801086e+01 1.1791782478521474e+01 1.1835105537096172e+01 1.1896464855079328e+01 1.1982561099436129e+01 1.2102421377592334e+01 1.2268163062862403e+01 1.2495995405374932e+01 1.2807530788835072e+01 1.3231500741313257e+01 1.3800092367544377e+01 1.4500806324686115e+01 1.5355692009017355e+01 1.6467197742471313e+01 1.7935555519278697e+01 1.9880278275734021e+01 2.2461756560045348e+01 2.4067800402833875e+01 2.6287102384727337e+01 2.9218742876140706e+01 3.2985658684583875e+01 3.7710462781873161e+01 4.3447585374168106e+01 5.0432058993064629e+01 5.9098566211907936e+01 6.9806575745857344e+01
1.4213761327695519e+01 1.4238956054618891e+01 1.4275568135939988e+01 1.4328016633498942e+01 1.4402300493995764e+01 1.4506531792766987e+01 1.4651639080043385e+01 1.4852292096272960e+01 1.5128114359364456e+01 1.5505270620637267e+01 1.6018544330970538e+01 1.6706902390201378e+01 1.7555212631439417e+01 1.8590168869594219e+01 1.9935798833538357e+01 2.1713447083828967e+01 2.4067800402833875e+01 2.7193033522276270e+01 2.9137369618095200e+01 3.1824138706182996e+01 3.5373291148698172e+01 3.9933658793176846e+01 4.5653681439683368e+01 5.2599254309580502e+01 6.1054916481253684e+01 7.1546910760198884e+01
1.7187101034275795e+01 1.7207705338111719e+01 1.7238207006669136e+01 1.7282530946874946e+01 1.7346027038487417e+01 1.7435957828328107e+01 1.7562144094926595e+01 1.7737816345522194e+01 1.7980734310646188e+01 1.8314654947101612e+01 1.8771254270868269e+01 1.9392642414484030e+01 2.0225994148572788e+01 2.1252989912043464e+01 2.2505946224832194e+01 2.4135015644238209e+01 2.6287102384727337e+01 2.9137369618095200e+01 3.2920892458561489e+01 3.5274777671894476e+01 3.8527479733893827e+01 4.2824214990862039e+01 4.8345164783844851e+01 5.5270035826713872e+01 6.3678603312414737e+01 7.3915340776498809e+01
2.0790907266944856e+01 2.0807340393278093e+01 2.0832284725811292e+01 2.0869211174254890e+01 2.0922871376146666e+01 2.0999742093854596e+01 2.1108615635257525e+01 2.1261381398188433e+01 2.1474056724208001e+01 2.1768142200164498e+01 2.2172398876913640e+01 2.2725174911336580e+01 2.3477450387856763e+01 2.4486336829143919e+01 2.5729655896761731e+01 2.7246531165377984e+01 2.9218742876140706e+01 3.1824138706182996e+01 3.5274777671894476e+01 3.9855250403760373e+01 4.2704950931083026e+01 4.6642792389451458e+01 5.1844579060353169e+01 5.8528445141532117e+01 6.6911950229515199e+01 7.7091673124371653e+01
2.5157595998291168e+01 2.5170241550664699e+01 2.5190136101389658e+01 2.5220334633234344e+01 2.5265039157909474e+01 2.5330002183617392e+01 2.5423064718505309e+01 2.5554871055785497e+01 2.5739814940353529e+01 2.5997287558505683e+01 2.6353318316150194e+01 2.6842726405542347e+01 2.7511937524191548e+01 2.8422670048440683e+01 2.9644065300621989e+01 3.1149273363679551e+01 3.2985658684583875e+01 3.5373291148698172e+01 3.8527479733893827e+01 4.2704950931083026e+01 4.8250240686696444e+01 5.1700193577102837e+01 5.6467490137216821e+01 6.2764965534540536e+01 7.0856701099300722e+01 8.1006082528231914e+01
3.0447508367461776e+01 3.0456716485757955e+01 3.0472025659316216e+01 3.0496110738474130e+01 3.0532670198397970e+01 3.0586791149929013e+01 3.0665437792325903e+01 3.0778102740150000e+01 3.0937672368577196e+01 3.1161572277711834e+01 3.1473278155111196e+01 3.1904302162592874e+01 3.2496797702527047e+01 3.3306969441957158e+01 3.4409535930714618e+01 3.5888202211676585e+01 3.7710462781873161e+01 3.9933658793176846e+01 4.2824214990862039e+01 4.6642792389451458e+01 5.1700193577102837e+01 5.8413526517562154e+01 6.2590167126603895e+01 6.8361632720724387e+01 7.5985589428088332e+01 8.5781743877438956e+01
3.6854790460296229e+01 3.6860880113843763e+01 3.6872027802531228e+01 3.6890561654443268e+01 3.6919719942361539e+01 3.6963980177156962e+01 3.7029501003424798e+01 3.7124713538446095e+01 3.7261109892612616e+01 3.7454290788477032e+01 3.7725352302230725e+01 3.8102714969774219e+01 3.8624528580077701e+01 3.9341825601624471e+01 4.0322649483774114e+01 4.1657457267358225e+01 4.3447585374168106e+01 4.5653681439683368e+01 4.8345164783844851e+01 5.1844579060353169e+01 5.6467490137216821e+01 6.2590167126603895e+01 7.0717576361411446e+01 7.5773972008321763e+01 8.2761121786836938e+01 9.1990965844736920e+01
4.4614511557942436e+01 4.4617772869375258e+01 4.4625145229262358e+01 4.4638641033624936e+01 4.4661078800457361e+01 4.4696378902597367e+01 4.4749961980362386e+01 4.4829283916754385e+01 4.4944551734284758e+01 4.5109678206974088e+01 4.5343550146733627e+01 4.5671707243904486e+01 4.6128556450738969e+01 4.6760283313214316e+01 4.7628669625754377e+01 4.8816091305596970e+01 5.0432058993064629e+01 5.2599254309580502e+01 5.5270035826713872e+01 5.8528445141532117e+01 6.2764965534540536e+01 6.8361632720724387e+01 7.5773972008321763e+01 8.5613314322471268e+01 9.1734773967034627e+01 1.0019367599655359e+02
5.4011281785205107e+01 5.4011978321105147e+01 5.4015926585386360e+01 5.4024851837025182e+01 5.4041190357098650e+01 5.4068354347769102e+01 5.4111089957438232e+01 5.4175959613824887e+01 5.4271989684740902e+01 5.4411537169273736e+01 5.4611445386391679e+01 5.4894579409360901e+01 5.5291858532215137e+01 5.5844937084325053e+01 5.6609728996404257e+01 5.7661029594559253e+01 5.9098566211907936e+01 6.1054916481253684e+01 6.3678603312414737e+01 6.6911950229515199e+01 7.0856701099300722e+01 7.5985589428088332e+01 8.2761121786836938e+01 9.1734773967034627e+01 1.0364664580442040e+02 1.1105751132933536e+02
6.5389685033554400e+01 6.5388056016008520e+01 6.5388899268139255e+01 6.5393679182954330e+01 6.5404484422801019e+01 6.5424264439687690e+01 6.5457150171795320e+01 6.5508887481974995e+01 6.5587421088017138e+01 6.5703678644748507e+01 6.5872619992443489e+01 6.6114636276207179e+01 6.6457408799688011e+01 6.6938369604182370e+01 6.7607946961935852e+01 6.8533832346150575e+01 6.9806575745857344e+01 7.1546910760198884e+01 7.3915340776498809e+01 7.7091673124371653e+01 8.1006082528231914e+01 8.5781743877438956e+01 9.1990965844736920e+01 1.0019367599655359e+02 1.1105751132933536e+02 1.2547846408613239e+02
