18 9.0600000000000003e-01
1.0800597388923061e+00 1.2599210498948732e+00 1.4697344922755988e+00 1.7144879657061456e+00 2.0000000000000000e+00 2.3330580791522331e+00 2.7215800003487538e+00 3.1748021039363992e+00 3.7034988491491618e+00 4.3202389555692244e+00 5.0396841995794928e+00 5.8789379691023953e+00 6.8579518628245824e+00 8.0000000000000000e+00 9.3322323166089323e+00 1.0886320001395015e+01 1.2699208415745597e+01 1.4813995396596647e+01
1.0431067429112462e+00 1.0992415481211748e+00 1.1732466180048124e+00 1.2673665535838050e+00 1.3842758703489035e+00 1.5271491102478878e+00 1.6995372197939296e+00 1.9021518510357303e+00 2.1387656780832898e+00 2.4197260469026056e+00 2.7538847723123094e+00 3.1496946633289111e+00 3.6170352413402078e+00 4.1674495584096167e+00 4.8144208187363438e+00 5.5736952713879813e+00 6.4636589533529127e+00 7.5057771600755068e+00
1.0992415481211748e+00 1.2168143069836270e+00 1.2822971873919575e+00 1.3686262504870808e+00 1.4784198885430091e+00 1.6147980015464996e+00 1.7814637848669896e+00 1.9825595207300759e+00 2.2189153719166428e+00 2.4949322723328620e+00 2.8226807015306101e+00 3.2124865585487710e+00 3.6742102905710943e+00 4.2193766461935596e+00 4.8614509308534810e+00 5.6161616937957675e+00 6.5018773918221644e+00 7.5400458710023406e+00
1.1732466180048124e+00 1.2822971873919575e+00 1.4194492248680883e+00 1.4958369064594959e+00 1.5965422655193560e+00 1.7246197326723056e+00 1.8837087618534705e+00 2.0781292380005230e+00 2.3127132536197417e+00 2.5884292177026027e+00 2.9104109474519113e+00 3.2927390077865413e+00 3.7474588597950818e+00 4.2860730014605828e+00 4.9220253866940693e+00 5.6710236853149292e+00 6.5514157067677523e+00 7.5846287893239754e+00
1.2673665535838050e+00 1.3686262504870808e+00 1.4958369064594959e+00 1.6558287410124342e+00 1.7449371898547050e+00 1.8624129156389717e+00 2.0118190003882437e+00 2.1974009728060446e+00 2.4241981041197969e+00 2.6978471705599927e+00 3.0194778493373757e+00 3.3950788873028936e+00 3.8410756723280493e+00 4.3715195845677659e+00 4.9998286219469374e+00 5.7416855471094959e+00 6.6154138130438334e+00 7.6424166722796718e+00
1.3842758703489035e+00 1.4784198885430091e+00 1.5965422655193560e+00 1.7449371898547050e+00 1.9315723109557652e+00 2.0355199042018568e+00 2.1725587497744847e+00 2.3468452863238807e+00 2.5633320463710594e+00 2.8278974861411093e+00 3.1471170687964918e+00 3.5223085956088873e+00 3.9604581136905952e+00 4.4807263149800258e+00 5.0995045424740200e+00 5.8324452804049391e+00 6.6978429268177102e+00 7.7170723217285984e+00
1.5271491102478878e+00 1.6147980015464996e+00 1.7246197326723056e+00 1.8624129156389717e+00 2.0355199042018568e+00 2.2532351927710490e+00 2.3744930788866609e+00 2.5343528717971182e+00 2.7376631778891332e+00 2.9902012701679133e+00 3.2988245385279029e+00 3.6712034516967749e+00 4.1088752631263352e+00 4.6199893996449282e+00 5.2268973648170816e+00 5.9487201362462621e+00 6.8037167913310279e+00 7.8132282766523495e+00
1.6995372197939296e+00 1.7814637848669896e+00 1.8837087618534705e+00 2.0118190003882437e+00 2.1725587497744847e+00 2.3744930788866609e+00 2.6284642853623175e+00 2.7699151307937924e+00 2.9563962214844652e+00 3.1935635975859094e+00 3.4881566158282600e+00 3.8481746206590803e+00 4.2825654365963626e+00 4.7931223144328268e+00 5.3893517972196374e+00 6.0973275629430042e+00 6.9393547872424577e+00 7.9367332141392808e+00
1.9021518510357303e+00 1.9825595207300759e+00 2.0781292380005230e+00 2.1974009728060446e+00 2.3468452863238807e+00 2.5343528717971182e+00 2.7699151307937924e+00 3.0661799183638276e+00 3.2311864372322359e+00 3.4487220448547333e+00 3.7253846763171388e+00 4.0690359869532173e+00 4.4890074443586236e+00 4.9957369456746274e+00 5.5913163700261785e+00 6.2868353759484421e+00 7.1127096659808862e+00 8.0949588752398700e+00
2.1387656780832898e+00 2.2189153719166428e+00 2.3127132536197417e+00 2.4241981041197969e+00 2.5633320463710594e+00 2.7376631778891332e+00 2.9563962214844652e+00 3.2311864372322359e+00 3.5767879153365314e+00 3.7692728113158944e+00 4.0230344147493726e+00 4.3457694085158138e+00 4.7466486418611922e+00 5.2365575427177031e+00 5.8276722212127456e+00 6.5224329150928568e+00 7.3337760330782897e+00 8.2971823754404443e+00
2.4197260469026056e+00 2.4949322723328620e+00 2.5884292177026027e+00 2.6978471705599927e+00 2.8278974861411093e+00 2.9902012701679133e+00 3.1935635975859094e+00 3.4487220448547333e+00 3.7692728113158944e+00 4.1724269716449847e+00 4.3969661924846992e+00 4.6929864720192498e+00 5.0694662143352200e+00 5.5371034813956141e+00 6.1085964409915512e+00 6.7981488791757183e+00 7.6086074041429210e+00 8.5550627123331591e+00
2.7538847723123094e+00 2.8226807015306101e+00 2.9104109474519113e+00 3.0194778493373757e+00 3.1471170687964918e+00 3.2988245385279029e+00 3.4881566158282600e+00 3.7253846763171388e+00 4.0230344147493726e+00 4.3969661924846992e+00 4.8672572279345081e+00 5.1291887495678301e+00 5.4745050019483230e+00 5.9136795541720364e+00 6.4591920061859982e+00 7.1258551394679586e+00 7.9302380829203036e+00 8.8756614876665711e+00
3.1496946633289111e+00 3.2124865585487710e+00 3.2927390077865413e+00 3.3950788873028936e+00 3.5223085956088873e+00 3.6712034516967749e+00 3.8481746206590803e+00 4.0690359869532173e+00 4.3457694085158138e+00 4.6929864720192498e+00 5.1291887495678301e+00 5.6777968994723533e+00 5.9833476258379834e+00 6.3861690620774239e+00 6.8984789306892225e+00 7.5348350474138819e+00 8.3125169520020918e+00 9.2508530144789667e+00
3.6170352413402078e+00 3.6742102905710943e+00 3.7474588597950818e+00 3.8410756723280493e+00 3.9604581136905952e+00 4.1088752631263352e+00 4.2825654365963626e+00 4.4890074443586236e+00 4.7466486418611922e+00 5.0694662143352200e+00 5.4745050019483230e+00 5.9833476258379834e+00 6.6233149640497366e+00 6.9797487594188201e+00 7.4496516625558868e+00 8.0472760015529747e+00 8.7896038912241785e+00 9.6967924164791874e+00
4.1674495584096167e+00 4.2193766461935596e+00 4.2860730014605828e+00 4.3715195845677659e+00 4.4807263149800258e+00 4.6199893996449282e+00 4.7931223144328268e+00 4.9957369456746274e+00 5.2365575427177031e+00 5.5371034813956141e+00 5.9136795541720364e+00 6.3861690620774239e+00 6.9797487594188201e+00 7.7262892438230608e+00 8.1420796168074272e+00 8.6902349990979388e+00 9.3873811452955227e+00 1.0253328185484238e+01
4.8144208187363438e+00 4.8614509308534810e+00 4.9220253866940693e+00 4.9998286219469374e+00 5.0995045424740200e+00 5.2268973648170816e+00 5.3893517972196374e+00 5.5913163700261785e+00 5.8276722212127456e+00 6.1085964409915512e+00 6.4591920061859982e+00 6.8984789306892225e+00 7.4496516625558868e+00 8.1420796168074272e+00 9.0129407710841960e+00 9.4979723155466438e+00 1.0137411487188473e+01 1.0950652711556533e+01
5.5736952713879813e+00 5.6161616937957675e+00 5.6710236853149292e+00 5.7416855471094959e+00 5.8324452804049391e+00 5.9487201362462621e+00 6.0973275629430042e+00 6.2868353759484421e+00 6.5224329150928568e+00 6.7981488791757183e+00 7.1258551394679586e+00 7.5348350474138819e+00 8.0472760015529747e+00 8.6902349990979388e+00 9.4979723155466438e+00 1.0513857141449270e+01 1.1079660523175169e+01 1.1825584885937861e+01
6.4636589533529127e+00 6.5018773918221644e+00 6.5514157067677523e+00 6.6154138130438334e+00 6.6978429268177102e+00 6.8037167913310279e+00 6.9393547872424577e+00 7.1127096659808862e+00 7.3337760330782897e+00 7.6086074041429210e+00 7.9302380829203036e+00 8.3125169520020918e+00 8.7896038912241785e+00 9.3873811452955227e+00 1.0137411487188473e+01 1.1079660523175169e+01 1.2264719673455311e+01 1.2924745748928943e+01
7.5057771600755068e+00 7.5400458710023406e+00 7.5846287893239754e+00 7.6424166722796718e+00 7.7170723217285984e+00 7.8132282766523495e+00 7.9367332141392808e+00 8.0949588752398700e+00 8.2971823754404443e+00 8.5550627123331591e+00 8.8756614876665711e+00 9.2508530144789667e+00 9.6967924164791874e+00 1.0253328185484238e+01 1.0950652711556533e+01 1.1825584885937861e+01 1.2924745748928943e+01 1.4307151661346126e+01
