32 9.1080000000000005e-01
1.0746078283213174e+00 1.2409377607517196e+00 1.4330125702369627e+00 1.6548170999431815e+00 1.9109529749704406e+00 2.2067340690845900e+00 2.5482967479793466e+00 2.9427271762092819e+00 3.3982083289425593e+00 3.9241897584845358e+00 4.5315836376008178e+00 5.2329911468149470e+00 6.0429639023813282e+00 6.9783058485986631e+00 8.0584218776148173e+00 9.3057204092969901e+00 1.0746078283213174e+01 1.2409377607517195e+01 1.4330125702369628e+01 1.6548170999431814e+01 1.9109529749704404e+01 2.2067340690845899e+01 2.5482967479793466e+01 2.9427271762092818e+01 3.3982083289425596e+01 3.9241897584845361e+01 4.5315836376008178e+01 5.2329911468149469e+01 6.0429639023813280e+01 6.9783058485986629e+01 8.0584218776148177e+01 9.3057204092969897e+01
1.0399835234721799e+00 1.0912712155186024e+00 1.1579660704207937e+00 1.2418585536715780e+00 1.3450584812457878e+00 1.4700433584751174e+00 1.6197139924377024e+00 1.7959645923587166e+00 1.9995891399439087e+00 2.2365899053247311e+00 2.5158402431898081e+00 2.8436571834498894e+00 3.2272356173054382e+00 3.6748988154412512e+00 4.1962725552840716e+00 4.8024864019552442e+00 5.5064062579471056e+00 6.3229029522619964e+00 7.2691623974536732e+00 8.3650437163023206e+00 9.6334927453933616e+00 1.1101019480672718e+01 1.2798249363780480e+01 1.4760559845270782e+01 1.7028815433781705e+01 1.9650216485881018e+01 2.2679279352417179e+01 2.6178968223009196e+01 3.0222002157596663e+01 3.4892364428222301e+01 4.0287045490969852e+01 4.6518055754396862e+01
1.0912712155186024e+00 1.2009542372795396e+00 1.2601803400910490e+00 1.3371983570035770e+00 1.4340758853124449e+00 1.5532493024963991e+00 1.6975795870794526e+00 1.8704165388164962e+00 2.0739475563959924e+00 2.3090895155879134e+00 2.5827737298073004e+00 2.9052469891923360e+00 3.2838040860806981e+00 3.7267535512124823e+00 4.2437069476281870e+00 4.8457799496888443e+00 5.5458247786940120e+00 6.3586987470586109e+00 7.3015744202119430e+00 8.3942977803615317e+00 9.6598017847256745e+00 1.1124583872016842e+01 1.2819257307967581e+01 1.4779187800857018e+01 1.7045228593249316e+01 1.9664569283532916e+01 2.2691715993143195e+01 2.6189623221910960e+01 3.0231000881688818e+01 3.4899823632838562e+01 4.0293073844930404e+01 4.6522754349336651e+01
1.1579660704207937e+00 1.2601803400910490e+00 1.3868403176468813e+00 1.4552335541969781e+00 1.5441725726240731e+00 1.6560449970363971e+00 1.7936643122543083e+00 1.9603343247359211e+00 2.1599233228905006e+00 2.3949572753168162e+00 2.6664949736362304e+00 2.9825405737106685e+00 3.3549268841925985e+00 3.7920777998556208e+00 4.3035878623176371e+00 4.9005563314225205e+00 5.5958193876700664e+00 6.4042185446802469e+00 7.3429107591707137e+00 8.4317266003301263e+00 9.6935838508802039e+00 1.1154965076672285e+01 1.2846469042571947e+01 1.4803447396339644e+01 1.7066739820771897e+01 1.9683522904397943e+01 2.2708290345301496e+01 2.6203984830571418e+01 3.0243305082467462e+01 3.4910215197305376e+01 4.0301687600041369e+01 4.6529715783887625e+01
1.2418585536715780e+00 1.3371983570035770e+00 1.4552335541969781e+00 1.6014982144596241e+00 1.6804774919022805e+00 1.7831826681178538e+00 1.9123709284127384e+00 2.0712912343716825e+00 2.2637587621734157e+00 2.4942405415845417e+00 2.7656535156368101e+00 3.0792203578201107e+00 3.4441841231264414e+00 3.8742091258159488e+00 4.3790231278141079e+00 4.9697057329326233e+00 5.6590741664825881e+00 6.4619514184573870e+00 7.3954762014108892e+00 8.4794610598727331e+00 9.7368059778881229e+00 1.1193975998073123e+01 1.2881552710381216e+01 1.4834871017232917e+01 1.7094754364591086e+01 1.9708363682409580e+01 2.2730177645221065e+01 2.6223124593851725e+01 3.0259889609419716e+01 3.4924423866700550e+01 4.0313687591480388e+01 4.6539662793110303e+01
1.3450584812457878e+00 1.4340758853124449e+00 1.5441725726240731e+00 1.6804774919022805e+00 1.8493812865703083e+00 1.9405851333248783e+00 2.0591872205529786e+00 2.2083714961748839e+00 2.3918898024976087e+00 2.6141478362407682e+00 2.8803040429039060e+00 3.1937268557504530e+00 3.5558281960996911e+00 3.9772817773398730e+00 4.4738669034117526e+00 5.0568170185382142e+00 5.7389266495985130e+00 6.5349968974756045e+00 7.4621450839730814e+00 8.5401626855889212e+00 9.7919288718168112e+00 1.1243888131681826e+01 1.2926601819621039e+01 1.4875385004775890e+01 1.7131041795892351e+01 1.9740714372921271e+01 2.2758863328154572e+01 2.6248399653492339e+01 3.0281991863247036e+01 3.4943575379649616e+01 4.0330095506924344e+01 4.6553520167040503e+01
1.4700433584751174e+00 1.5532493024963991e+00 1.6560449970363971e+00 1.7831826681178538e+00 1.9405851333248783e+00 2.1356321925532042e+00 2.2409527517197598e+00 2.3779123053973379e+00 2.5501876192844604e+00 2.7621112532866650e+00 3.0187708266057669e+00 3.3261232191736427e+00 3.6880582370395310e+00 4.1062063415067369e+00 4.5928933445057547e+00 5.1663409019583035e+00 5.8395211928789879e+00 6.6272091064105938e+00 7.5464966872063304e+00 8.6171507101111189e+00 9.8620260156352284e+00 1.1307543056534625e+01 1.2984239452329783e+01 1.4927406904552345e+01 1.7177826618834906e+01 1.9782618444858628e+01 2.2796221322749741e+01 2.6281525363362466e+01 3.0311179046781970e+01 3.4969098664190433e+01 4.0352211329057468e+01 4.6572467732201495e+01
1.6197139924377024e+00 1.6975795870794526e+00 1.7936643122543083e+00 1.9123709284127384e+00 2.0591872205529786e+00 2.2409527517197598e+00 2.4661895818832882e+00 2.5878118662262470e+00 2.7459702914442228e+00 2.9449107203277936e+00 3.1896363150034617e+00 3.4860221664704438e+00 3.8409471723590287e+00 4.2589032106188141e+00 4.7417731085895891e+00 5.3037904918353584e+00 5.9659974003457359e+00 6.7433738727489496e+00 7.6529816848528762e+00 8.7145584219045471e+00 9.9509303993902911e+00 1.1388489975394318e+01 1.3057747012786555e+01 1.4993965804444551e+01 1.7237900571506078e+01 1.9836644715549578e+01 2.2844611390108128e+01 2.6324665702505090e+01 3.0349432019770038e+01 3.5002803497920404e+01 4.0381685158235314e+01 4.6598006685177424e+01
1.7959645923587166e+00 1.8704165388164962e+00 1.9603343247359211e+00 2.0712912343716825e+00 2.2083714961748839e+00 2.3779123053973379e+00 2.5878118662262470e+00 2.8479112999876488e+00 2.9883585228836758e+00 3.1709970230522493e+00 3.4007298463533915e+00 3.6833345542772675e+00 4.0255955960681842e+00 4.4354565987841221e+00 4.9181047021586997e+00 5.4757141612841869e+00 6.1247217105387124e+00 6.8894263186233964e+00 7.7871266642760704e+00 8.8375253788264772e+00 1.0063415070139166e+01 1.1491155156114583e+01 1.3151223056401850e+01 1.5078851010998502e+01 1.7314761590022346e+01 1.9906017033843334e+01 2.2906999954201996e+01 2.6380545680528467e+01 3.0399249706225337e+01 3.5046977341987841e+01 4.0420606893023631e+01 4.6632042532131813e+01
1.9995891399439087e+00 2.0739475563959924e+00 2.1599233228905006e+00 2.2637587621734157e+00 2.3918898024976087e+00 2.5501876192844604e+00 2.7459702914442228e+00 2.9883585228836758e+00 3.2887166632192719e+00 3.4509025860192688e+00 3.6618102357246398e+00 3.9271015613646454e+00 4.2534483868635640e+00 4.6486852719847596e+00 5.1219853741478820e+00 5.6793387088693796e+00 6.3232560667599254e+00 7.0727182925665080e+00 7.9557853975917130e+00 8.9924335844009207e+00 1.0205415096704696e+01 1.1621050427449109e+01 1.3269778957552498e+01 1.5186795462165490e+01 1.7412785497317493e+01 1.9994774753350804e+01 2.2987109857603770e+01 2.6452590870394708e+01 3.0463778898151574e+01 3.5104505908825324e+01 4.0471618052347189e+01 4.6676988650278219e+01
2.2365899053247311e+00 2.3090895155879134e+00 2.3949572753168162e+00 2.4942405415845417e+00 2.6141478362407682e+00 2.7621112532866650e+00 2.9449107203277936e+00 3.1709970230522493e+00 3.4509025860192688e+00 3.7977507554336434e+00 3.9850401372533151e+00 4.2285924915662720e+00 4.5349461351097355e+00 4.9118055699564804e+00 5.3682180045792149e+00 5.9147764359088679e+00 6.5583980259518464e+00 7.3019821904726836e+00 8.1674476670393883e+00 9.1871976511943689e+00 1.0384300301782634e+01 1.1785029499952408e+01 1.3419779676785959e+01 1.5323701680992885e+01 1.7537437804872322e+01 2.0107970995564109e+01 2.3089605673093114e+01 2.6545100343638289e+01 3.0546975385492644e+01 3.5179023057148314e+01 4.0538051004936115e+01 4.6735895418083189e+01
2.5158402431898081e+00 2.5827737298073004e+00 2.6664949736362304e+00 2.7656535156368101e+00 2.8803040429039060e+00 3.0187708266057669e+00 3.1896363150034617e+00 3.4007298463533915e+00 3.6618102357246398e+00 3.9850401372533151e+00 4.3855741547155516e+00 4.6018525587645343e+00 4.8831024298538415e+00 5.2368740983618078e+00 5.6720645844830795e+00 6.1991214415736682e+00 6.8302772716532827e+00 7.5735198887920987e+00 8.4321974860811224e+00 9.4316214267910290e+00 1.0609210337380562e+01 1.1991602912103890e+01 1.3609139755578854e+01 1.5496919809254145e+01 1.7695534639966148e+01 2.0251917234678395e+01 2.3220322654335583e+01 2.6663460664871437e+01 3.0653803658607440e+01 3.5275096861919224e+01 4.0624102065369939e+01 4.6812610994922615e+01
2.8436571834498894e+00 2.9052469891923360e+00 2.9825405737106685e+00 3.0792203578201107e+00 3.1937268557504530e+00 3.3261232191736427e+00 3.4860221664704438e+00 3.6833345542772675e+00 3.9271015613646454e+00 4.2285924915662720e+00 4.6018525587645343e+00 5.0643820263852177e+00 5.3141364310583699e+00 5.6389187153885345e+00 6.0474478648750658e+00 6.5499979981561580e+00 7.1586337616314157e+00 7.8874811437390751e+00 8.7457643282644231e+00 9.7373497482702192e+00 1.0891466510069364e+01 1.2251324969388241e+01 1.3847687010447215e+01 1.5715589416863557e+01 1.7895563813903880e+01 2.0434484611681167e+01 2.3386549178028559e+01 2.6814410279903232e+01 3.0790484025269539e+01 3.5398460227167675e+01 4.0735046364319956e+01 4.6911981209275012e+01
3.2272356173054382e+00 3.2838040860806981e+00 3.3549268841925985e+00 3.4441841231264414e+00 3.5558281960996911e+00 3.6880582370395310e+00 3.8409471723590287e+00 4.0255955960681842e+00 4.2534483868635640e+00 4.5349461351097355e+00 4.8831024298538415e+00 5.3141364310583699e+00 5.8482571276547413e+00 6.1366690147681382e+00 6.5117217456589014e+00 6.9834838477064549e+00 7.5638196880227460e+00 8.2666613029216887e+00 9.1083211293676865e+00 1.0099451088619457e+01 1.1244516067922881e+01 1.2577269312676666e+01 1.4147609363225669e+01 1.5991059489282666e+01 1.8148079537370343e+01 2.0665474698156775e+01 2.3597374695983369e+01 2.7006365674841437e+01 3.0964797921304065e+01 3.5556296252249815e+01 4.0877504156079539e+01 4.7040097687006494e+01
3.6748988154412512e+00 3.7267535512124823e+00 3.7920777998556208e+00 3.8742091258159488e+00 3.9772817773398730e+00 4.1062063415067369e+00 4.2589032106188141e+00 4.4354565987841221e+00 4.6486852719847596e+00 4.9118055699564804e+00 5.2368740983618078e+00 5.6389187153885345e+00 6.1366690147681382e+00 6.7534619728474121e+00 7.0865148242562528e+00 7.5196189611974900e+00 8.0644013377012342e+00 8.7345627111681043e+00 9.5461915461434490e+00 1.0518125150960145e+01 1.1662664172390086e+01 1.2984964581788486e+01 1.4524004018866579e+01 1.6337404419076901e+01 1.8466187414321031e+01 2.0957075306466667e+01 2.3864117886487261e+01 2.7249823184888477e+01 3.1186464553242654e+01 3.5757590799071515e+01 4.1059770354379388e+01 4.7204605378509100e+01
4.1962725552840716e+00 4.2437069476281870e+00 4.3035878623176371e+00 4.3790231278141079e+00 4.4738669034117526e+00 4.5928933445057547e+00 4.7417731085895891e+00 4.9181047021586997e+00 5.1219853741478820e+00 5.3682180045792149e+00 5.6720645844830795e+00 6.0474478648750658e+00 6.5117217456589014e+00 7.0865148242562528e+00 7.7987762205295184e+00 8.1833796532859022e+00 8.6835205081201181e+00 9.3126253820829525e+00 1.0086515662997238e+01 1.1023770019881260e+01 1.2146141437037862e+01 1.3467834479759262e+01 1.4994803170880028e+01 1.6772058186544413e+01 1.8866140299735946e+01 2.1324420551957132e+01 2.4200853015688015e+01 2.7557853415820958e+01 3.1467604899882325e+01 3.6013567432240990e+01 4.1292221670665313e+01 4.7415083100723606e+01
4.8024864019552442e+00 4.8457799496888443e+00 4.9005563314225205e+00 4.9697057329326233e+00 5.0568170185382142e+00 5.1663409019583035e+00 5.3037904918353584e+00 5.4757141612841869e+00 5.6793387088693796e+00 5.9147764359088679e+00 6.1991214415736682e+00 6.5499979981561580e+00 6.9834838477064549e+00 7.5196189611974900e+00 8.1833796532859022e+00 9.0058862820920300e+00 9.4500193974888251e+00 1.0027573046458564e+01 1.0754052021391175e+01 1.1647726575917257e+01 1.2730051022318630e+01 1.4026145314981450e+01 1.5552412630005517e+01 1.7315728565696620e+01 1.9368070639984833e+01 2.1786278938758844e+01 2.4625056687341729e+01 2.7946709076634065e+01 3.1823312661302889e+01 3.6338223239709833e+01 4.1587818875150880e+01 4.7683513693087946e+01
5.5064062579471056e+00 5.5458247786940120e+00 5.5958193876700664e+00 5.6590741664825881e+00 5.7389266495985130e+00 5.8395211928789879e+00 5.9659974003457359e+00 6.1247217105387124e+00 6.3232560667599254e+00 6.5583980259518464e+00 6.8302772716532827e+00 7.1586337616314157e+00 7.5638196880227460e+00 8.0644013377012342e+00 8.6835205081201181e+00 9.4500193974888251e+00 1.0399835234721799e+01 1.0912712155186023e+01 1.1579660704207937e+01 1.2418585536715781e+01 1.3450584812457878e+01 1.4700433584751172e+01 1.6197139924377026e+01 1.7959645923587164e+01 1.9995891399439088e+01 2.2365899053247311e+01 2.5158402431898082e+01 2.8436571834498896e+01 3.2272356173054384e+01 3.6748988154412515e+01 4.1962725552840709e+01 4.8024864019552446e+01
6.3229029522619964e+00 6.3586987470586109e+00 6.4042185446802469e+00 6.4619514184573870e+00 6.5349968974756045e+00 6.6272091064105938e+00 6.7433738727489496e+00 6.8894263186233964e+00 7.0727182925665080e+00 7.3019821904726836e+00 7.5735198887920987e+00 7.8874811437390751e+00 8.2666613029216887e+00 8.7345627111681043e+00 9.3126253820829525e+00 1.0027573046458564e+01 1.0912712155186023e+01 1.2009542372795396e+01 1.2601803400910491e+01 1.3371983570035770e+01 1.4340758853124449e+01 1.5532493024963991e+01 1.6975795870794524e+01 1.8704165388164963e+01 2.0739475563959925e+01 2.3090895155879135e+01 2.5827737298073004e+01 2.9052469891923359e+01 3.2838040860806984e+01 3.7267535512124823e+01 4.2437069476281870e+01 4.8457799496888441e+01
7.2691623974536732e+00 7.3015744202119430e+00 7.3429107591707137e+00 7.3954762014108892e+00 7.4621450839730814e+00 7.5464966872063304e+00 7.6529816848528762e+00 7.7871266642760704e+00 7.9557853975917130e+00 8.1674476670393883e+00 8.4321974860811224e+00 8.7457643282644231e+00 9.1083211293676865e+00 9.5461915461434490e+00 1.0086515662997238e+01 1.0754052021391175e+01 1.1579660704207937e+01 1.2601803400910491e+01 1.3868403176468814e+01 1.4552335541969780e+01 1.5441725726240731e+01 1.6560449970363969e+01 1.7936643122543085e+01 1.9603343247359213e+01 2.1599233228905003e+01 2.3949572753168162e+01 2.6664949736362306e+01 2.9825405737106689e+01 3.3549268841925986e+01 3.7920777998556211e+01 4.3035878623176366e+01 4.9005563314225206e+01
8.3650437163023206e+00 8.3942977803615317e+00 8.4317266003301263e+00 8.4794610598727331e+00 8.5401626855889212e+00 8.6171507101111189e+00 8.7145584219045471e+00 8.8375253788264772e+00 8.9924335844009207e+00 9.1871976511943689e+00 9.4316214267910290e+00 9.7373497482702192e+00 1.0099451088619457e+01 1.0518125150960145e+01 1.1023770019881260e+01 1.1647726575917257e+01 1.2418585536715781e+01 1.3371983570035770e+01 1.4552335541969780e+01 1.6014982144596242e+01 1.6804774919022805e+01 1.7831826681178537e+01 1.9123709284127383e+01 2.0712912343716823e+01 2.2637587621734159e+01 2.4942405415845414e+01 2.7656535156368101e+01 3.0792203578201107e+01 3.4441841231264412e+01 3.8742091258159491e+01 4.3790231278141079e+01 4.9697057329326235e+01
9.6334927453933616e+00 9.6598017847256745e+00 9.6935838508802039e+00 9.7368059778881229e+00 9.7919288718168112e+00 9.8620260156352284e+00 9.9509303993902911e+00 1.0063415070139166e+01 1.0205415096704696e+01 1.0384300301782634e+01 1.0609210337380562e+01 1.0891466510069364e+01 1.1244516067922881e+01 1.1662664172390086e+01 1.2146141437037862e+01 1.2730051022318630e+01 1.3450584812457878e+01 1.4340758853124449e+01 1.5441725726240731e+01 1.6804774919022805e+01 1.8493812865703084e+01 1.9405851333248783e+01 2.0591872205529786e+01 2.2083714961748839e+01 2.3918898024976091e+01 2.6141478362407682e+01 2.8803040429039058e+01 3.1937268557504531e+01 3.5558281960996908e+01 3.9772817773398728e+01 4.4738669034117521e+01 5.0568170185382144e+01
1.1101019480672718e+01 1.1124583872016842e+01 1.1154965076672285e+01 1.1193975998073123e+01 1.1243888131681826e+01 1.1307543056534625e+01 1.1388489975394318e+01 1.1491155156114583e+01 1.1621050427449109e+01 1.1785029499952408e+01 1.1991602912103890e+01 1.2251324969388241e+01 1.2577269312676666e+01 1.2984964581788486e+01 1.3467834479759262e+01 1.4026145314981450e+01 1.4700433584751172e+01 1.5532493024963991e+01 1.6560449970363969e+01 1.7831826681178537e+01 1.9405851333248783e+01 2.1356321925532043e+01 2.2409527517197599e+01 2.3779123053973375e+01 2.5501876192844605e+01 2.7621112532866650e+01 3.0187708266057673e+01 3.3261232191736426e+01 3.6880582370395310e+01 4.1062063415067371e+01 4.5928933445057545e+01 5.1663409019583035e+01
1.2798249363780480e+01 1.2819257307967581e+01 1.2846469042571947e+01 1.2881552710381216e+01 1.2926601819621039e+01 1.2984239452329783e+01 1.3057747012786555e+01 1.3151223056401850e+01 1.3269778957552498e+01 1.3419779676785959e+01 1.3609139755578854e+01 1.3847687010447215e+01 1.4147609363225669e+01 1.4524004018866579e+01 1.4994803170880028e+01 1.5552412630005517e+01 1.6197139924377026e+01 1.6975795870794524e+01 1.7936643122543085e+01 1.9123709284127383e+01 2.0591872205529786e+01 2.2409527517197599e+01 2.4661895818832882e+01 2.5878118662262469e+01 2.7459702914442225e+01 2.9449107203277936e+01 3.1896363150034617e+01 3.4860221664704440e+01 3.8409471723590286e+01 4.2589032106188135e+01 4.7417731085895888e+01 5.3037904918353583e+01
1.4760559845270782e+01 1.4779187800857018e+01 1.4803447396339644e+01 1.4834871017232917e+01 1.4875385004775890e+01 1.4927406904552345e+01 1.4993965804444551e+01 1.5078851010998502e+01 1.5186795462165490e+01 1.5323701680992885e+01 1.5496919809254145e+01 1.5715589416863557e+01 1.5991059489282666e+01 1.6337404419076901e+01 1.6772058186544413e+01 1.7315728565696620e+01 1.7959645923587164e+01 1.8704165388164963e+01 1.9603343247359213e+01 2.0712912343716823e+01 2.2083714961748839e+01 2.3779123053973375e+01 2.5878118662262469e+01 2.8479112999876488e+01 2.9883585228836761e+01 3.1709970230522494e+01 3.4007298463533914e+01 3.6833345542772676e+01 4.0255955960681838e+01 4.4354565987841220e+01 4.9181047021586991e+01 5.4757141612841870e+01
1.7028815433781705e+01 1.7045228593249316e+01 1.7066739820771897e+01 1.7094754364591086e+01 1.7131041795892351e+01 1.7177826618834906e+01 1.7237900571506078e+01 1.7314761590022346e+01 1.7412785497317493e+01 1.7537437804872322e+01 1.7695534639966148e+01 1.7895563813903880e+01 1.8148079537370343e+01 1.8466187414321031e+01 1.8866140299735946e+01 1.9368070639984833e+01 1.9995891399439088e+01 2.0739475563959925e+01 2.1599233228905003e+01 2.2637587621734159e+01 2.3918898024976091e+01 2.5501876192844605e+01 2.7459702914442225e+01 2.9883585228836761e+01 3.2887166632192717e+01 3.4509025860192686e+01 3.6618102357246400e+01 3.9271015613646455e+01 4.2534483868635640e+01 4.6486852719847597e+01 5.1219853741478822e+01 5.6793387088693791e+01
1.9650216485881018e+01 1.9664569283532916e+01 1.9683522904397943e+01 1.9708363682409580e+01 1.9740714372921271e+01 1.9782618444858628e+01 1.9836644715549578e+01 1.9906017033843334e+01 1.9994774753350804e+01 2.0107970995564109e+01 2.0251917234678395e+01 2.0434484611681167e+01 2.0665474698156775e+01 2.0957075306466667e+01 2.1324420551957132e+01 2.1786278938758844e+01 2.2365899053247311e+01 2.3090895155879135e+01 2.3949572753168162e+01 2.4942405415845414e+01 2.6141478362407682e+01 2.7621112532866650e+01 2.9449107203277936e+01 3.1709970230522494e+01 3.4509025860192686e+01 3.7977507554336434e+01 3.9850401372533149e+01 4.2285924915662726e+01 4.5349461351097354e+01 4.9118055699564806e+01 5.3682180045792151e+01 5.9147764359088683e+01
2.2679279352417179e+01 2.2691715993143195e+01 2.2708290345301496e+01 2.2730177645221065e+01 2.2758863328154572e+01 2.2796221322749741e+01 2.2844611390108128e+01 2.2906999954201996e+01 2.2987109857603770e+01 2.3089605673093114e+01 2.3220322654335583e+01 2.3386549178028559e+01 2.3597374695983369e+01 2.3864117886487261e+01 2.4200853015688015e+01 2.4625056687341729e+01 2.5158402431898082e+01 2.5827737298073004e+01 2.6664949736362306e+01 2.7656535156368101e+01 2.8803040429039058e+01 3.0187708266057673e+01 3.1896363150034617e+01 3.4007298463533914e+01 3.6618102357246400e+01 3.9850401372533149e+01 4.3855741547155517e+01 4.6018525587645343e+01 4.8831024298538409e+01 5.2368740983618082e+01 5.6720645844830798e+01 6.1991214415736685e+01
2.6178968223009196e+01 2.6189623221910960e+01 2.6203984830571418e+01 2.6223124593851725e+01 2.6248399653492339e+01 2.6281525363362466e+01 2.6324665702505090e+01 2.6380545680528467e+01 2.6452590870394708e+01 2.6545100343638289e+01 2.6663460664871437e+01 2.6814410279903232e+01 2.7006365674841437e+01 2.7249823184888477e+01 2.7557853415820958e+01 2.7946709076634065e+01 2.8436571834498896e+01 2.9052469891923359e+01 2.9825405737106689e+01 3.0792203578201107e+01 3.1937268557504531e+01 3.3261232191736426e+01 3.4860221664704440e+01 3.6833345542772676e+01 3.9271015613646455e+01 4.2285924915662726e+01 4.6018525587645343e+01 5.0643820263852177e+01 5.3141364310583704e+01 5.6389187153885345e+01 6.0474478648750654e+01 6.5499979981561580e+01
3.0222002157596663e+01 3.0231000881688818e+01 3.0243305082467462e+01 3.0259889609419716e+01 3.0281991863247036e+01 3.0311179046781970e+01 3.0349432019770038e+01 3.0399249706225337e+01 3.0463778898151574e+01 3.0546975385492644e+01 3.0653803658607440e+01 3.0790484025269539e+01 3.0964797921304065e+01 3.1186464553242654e+01 3.1467604899882325e+01 3.1823312661302889e+01 3.2272356173054384e+01 3.2838040860806984e+01 3.3549268841925986e+01 3.4441841231264412e+01 3.5558281960996908e+01 3.6880582370395310e+01 3.8409471723590286e+01 4.0255955960681838e+01 4.2534483868635640e+01 4.5349461351097354e+01 4.8831024298538409e+01 5.3141364310583704e+01 5.8482571276547418e+01 6.1366690147681389e+01 6.5117217456589017e+01 6.9834838477064551e+01
3.4892364428222301e+01 3.4899823632838562e+01 3.4910215197305376e+01 3.4924423866700550e+01 3.4943575379649616e+01 3.4969098664190433e+01 3.5002803497920404e+01 3.5046977341987841e+01 3.5104505908825324e+01 3.5179023057148314e+01 3.5275096861919224e+01 3.5398460227167675e+01 3.5556296252249815e+01 3.5757590799071515e+01 3.6013567432240990e+01 3.6338223239709833e+01 3.6748988154412515e+01 3.7267535512124823e+01 3.7920777998556211e+01 3.8742091258159491e+01 3.9772817773398728e+01 4.1062063415067371e+01 4.2589032106188135e+01 4.4354565987841220e+01 4.6486852719847597e+01 4.9118055699564806e+01 5.2368740983618082e+01 5.6389187153885345e+01 6.1366690147681389e+01 6.7534619728474127e+01 7.0865148242562526e+01 7.5196189611974901e+01
4.0287045490969852e+01 4.0293073844930404e+01 4.0301687600041369e+01 4.0313687591480388e+01 4.0330095506924344e+01 4.0352211329057468e+01 4.0381685158235314e+01 4.0420606893023631e+01 4.0471618052347189e+01 4.0538051004936115e+01 4.0624102065369939e+01 4.0735046364319956e+01 4.0877504156079539e+01 4.1059770354379388e+01 4.1292221670665313e+01 4.1587818875150880e+01 4.1962725552840709e+01 4.2437069476281870e+01 4.3035878623176366e+01 4.3790231278141079e+01 4.4738669034117521e+01 4.5928933445057545e+01 4.7417731085895888e+01 4.9181047021586991e+01 5.1219853741478822e+01 5.3682180045792151e+01 5.6720645844830798e+01 6.0474478648750654e+01 6.5117217456589017e+01 7.0865148242562526e+01 7.7987762205295184e+01 8.1833796532859026e+01
4.6518055754396862e+01 4.6522754349336651e+01 4.6529715783887625e+01 4.6539662793110303e+01 4.6553520167040503e+01 4.6572467732201495e+01 4.6598006685177424e+01 4.6632042532131813e+01 4.6676988650278219e+01 4.6735895418083189e+01 4.6812610994922615e+01 4.6911981209275012e+01 4.7040097687006494e+01 4.7204605378509100e+01 4.7415083100723606e+01 4.7683513693087946e+01 4.8024864019552446e+01 4.8457799496888441e+01 4.9005563314225206e+01 4.9697057329326235e+01 5.0568170185382144e+01 5.1663409019583035e+01 5.3037904918353583e+01 5.4757141612841870e+01 5.6793387088693791e+01 5.9147764359088683e+01 6.1991214415736685e+01 6.5499979981561580e+01 6.9834838477064551e+01 7.5196189611974901e+01 8.1833796532859026e+01 9.0058862820920297e+01
