1 0
2 1
3 2
4 2
5 3
6 3
7 4
8 3
9 3
10 4
11 4
12 4
13 5
14 4
15 4
16 3
17 4
18 4
19 5
20 4
21 5
22 5
23 5
24 4
25 4
26 5
27 4
28 5
29 5
30 5
31 5
32 4
33 5
34 5
35 5
36 4
37 5
38 5
39 5
40 5
41 6
42 5
43 6
44 6
45 5
46 6
47 6
48 5
49 5
50 5
51 6
52 6
53 6
54 5
55 6
56 5
57 6
58 6
59 6
60 5
61 6
62 5
63 5
64 4
65 5
66 5
67 6
68 5
69 6
70 6
71 6
72 5
73 6
74 6
75 5
76 6
77 6
78 5
79 5
80 5
81 4
82 5
83 5
84 5
85 6
86 6
87 6
88 6
89 6
90 5
91 6
92 6
93 6
94 6
95 6
96 5
97 6
98 6
99 5
100 5
101 6
102 6
103 6
104 6
105 6
106 6
107 6
108 5
109 6
110 6
111 6
112 6
113 7
114 6
115 6
116 6
117 6
118 6
119 6
120 6
121 5
122 6
123 6
124 6
125 5
126 6
127 6
128 5
129 6
130 6
131 7
132 6
133 7
134 7
135 6
136 6
137 7
138 6
139 7
140 6
141 6
142 6
143 6
144 5
145 6
146 6
147 6
148 6
149 7
150 6
151 7
152 6
153 6
154 6
155 7
156 6
157 7
158 6
159 6
160 6
161 6
162 5
163 6
164 6
165 6
166 6
167 7
168 6
169 6
170 7
171 6
172 7
173 7
174 7
175 6
176 6
177 7
178 7
179 7
180 6
181 7
182 6
183 7
184 7
185 7
186 7
187 7
188 6
189 6
190 6
191 6
192 5
193 6
194 6
195 6
196 5
197 6
198 6
199 7
200 6
201 7
202 7
203 7
204 6
205 7
206 7
207 7
208 6
209 6
210 6
211 7
212 6
213 6
214 6
215 6
216 5
217 6
218 6
219 6
220 6
221 6
222 6
223 6
224 5
225 5
226 6
227 6
228 6
229 6
230 6
231 7
232 7
233 7
234 6
235 7
236 6
237 6
238 6
239 6
240 5
241 6
242 6
243 5
244 6
245 6
246 6
247 7
248 6
249 6
250 6
251 6
252 5
253 6
254 5
255 5
256 4
257 5
258 5
259 6
260 5
261 6
262 6
263 7
264 6
265 7
266 7
267 7
268 6
269 7
270 6
271 6
272 5
273 6
274 6
275 7
276 6
277 7
278 7
279 7
280 6
281 7
282 7
283 7
284 6
285 6
286 6
287 6
288 5
289 5
290 6
291 6
292 6
293 6
294 6
295 7
296 7
297 6
298 7
299 7
300 6
301 7
302 7
303 7
304 6
305 6
306 6
307 7
308 6
309 7
310 7
311 8
312 7
313 7
314 7
315 6
316 6
317 7
318 6
319 6
320 5
321 6
322 6
323 6
324 5
325 6
326 6
327 6
328 6
329 7
330 6
331 7
332 7
333 6
334 7
335 7
336 6
337 7
338 7
339 7
340 6
341 7
342 6
343 6
344 7
345 7
346 7
347 7
348 7
349 7
350 7
351 7
352 6
353 7
354 7
355 7
356 7
357 6
358 7
359 7
360 6
361 6
362 7
363 6
364 7
365 7
366 7
367 7
368 7
369 7
370 7
371 7
372 7
373 7
374 7
375 6
376 7
377 7
378 6
379 7
380 6
381 7
382 7
383 7
384 6
385 7
386 7
387 7
388 7
389 7
390 7
391 7
392 6
393 7
394 7
395 6
396 6
397 7
398 6
399 6
400 5
401 6
402 6
403 7
404 6
405 6
406 7
407 7
408 7
409 7
410 7
411 7
412 7
413 8
414 7
415 7
416 6
417 7
418 7
419 7
420 6
421 7
422 7
423 7
424 7
425 7
426 7
427 7
428 7
429 7
430 7
431 7
432 6
433 7
434 7
435 7
436 7
437 7
438 7
439 7
440 6
441 6
442 7
443 7
444 7
445 7
446 7
447 7
448 6
449 7
450 6
451 7
452 7
453 7
454 7
455 7
456 7
457 7
458 7
459 7
460 7
461 7
462 7
463 7
464 7
465 6
466 7
467 7
468 7
469 7
470 7
471 8
472 7
473 7
474 7
475 7
476 7
477 7
478 7
479 7
480 6
481 7
482 7
483 7
484 6
485 7
486 6
487 7
488 7
489 7
490 7
491 8
492 7
493 7
494 7
495 7
496 6
497 7
498 7
499 7
500 6
501 7
502 7
503 7
504 6
505 7
506 7
507 7
508 6
509 7
510 6
511 6
512 5
513 6
514 6
515 7
516 6
517 7
518 7
519 7
520 6
521 7
522 7
523 7
524 7
525 6
526 7
527 7
528 6
529 6
530 7
531 7
532 7
533 7
534 7
535 7
536 7
537 8
538 8
539 7
540 7
541 8
542 7
543 7
544 6
545 7
546 7
547 7
548 7
549 7
550 6
551 7
552 6
553 7
554 7
555 7
556 7
557 7
558 7
559 7
560 7
561 6
562 7
563 7
564 7
565 7
566 7
567 6
568 7
569 7
570 6
571 7
572 6
573 7
574 6
575 6
576 5
577 6
578 6
579 7
580 6
581 7
582 6
583 7
584 7
585 7
586 7
587 8
588 7
589 7
590 7
591 8
592 7
593 8
594 7
595 7
596 7
597 7
598 7
599 7
600 6
601 7
602 7
603 7
604 7
605 7
606 7
607 8
608 7
609 7
610 7
611 7
612 6
613 7
614 7
615 7
616 7
617 7
618 7
619 7
620 6
621 6
622 6
623 6
624 6
625 5
626 6
627 6
628 6
629 6
630 6
631 7
632 7
633 7
634 7
635 7
636 7
637 7
638 7
639 7
640 6
641 7
642 7
643 8
644 7
645 7
646 7
647 7
648 6
649 7
650 6
651 7
652 7
653 7
654 7
655 7
656 7
657 7
658 8
659 8
660 7
661 8
662 8
663 8
664 7
665 7
666 7
667 7
668 7
669 7
670 7
671 7
672 6
673 7
674 7
675 6
676 6
677 7
678 7
679 7
680 7
681 7
682 7
683 8
684 7
685 7
686 7
687 8
688 8
689 8
690 7
691 8
692 8
693 7
694 8
695 7
696 7
697 7
698 7
699 7
700 6
701 7
702 6
703 7
704 7
705 7
706 8
707 8
708 7
709 7
710 7
711 6
712 7
713 7
714 7
715 8
716 7
717 7
718 7
719 7
720 6
721 7
722 7
723 7
724 7
725 6
726 6
727 6
728 6
729 5
730 6
731 6
732 6
733 7
734 7
735 7
736 7
737 7
738 6
739 7
740 7
741 7
742 8
743 8
744 7
745 7
746 7
747 6
748 7
749 7
750 6
751 7
752 7
753 7
754 7
755 7
756 6
757 7
758 7
759 7
760 7
761 8
762 7
763 8
764 7
765 7
766 7
767 7
768 6
769 7
770 7
771 7
772 7
773 8
774 7
775 7
776 7
777 7
778 7
779 7
780 7
781 7
782 7
783 6
784 6
785 7
786 7
787 7
788 7
789 7
790 7
791 7
792 7
793 7
794 8
795 7
796 7
797 8
798 7
799 7
800 6
801 7
802 7
803 8
804 7
805 7
806 7
807 7
808 7
809 7
810 6
811 7
812 7
813 7
814 7
815 8
816 7
817 8
818 8
819 7
820 7
821 8
822 8
823 8
824 8
825 7
826 8
827 8
828 7
829 8
830 7
831 8
832 7
833 7
834 8
835 8
836 7
837 7
838 7
839 7
840 7
841 6
842 7
843 7
844 7
845 7
846 7
847 7
848 7
849 8
850 7
851 8
852 7
853 8
854 8
855 8
856 7
857 8
858 7
859 8
860 7
861 7
862 7
863 7
864 6
865 7
866 7
867 7
868 7
869 7
870 7
871 8
872 7
873 7
874 8
875 7
876 7
877 8
878 8
879 8
880 7
881 8
882 7
883 8
884 7
885 7
886 7
887 8
888 7
889 7
890 7
891 6
892 7
893 7
894 7
895 7
896 6
897 7
898 7
899 7
900 6
901 7
902 7
903 7
904 7
905 7
906 7
907 8
908 7
909 7
910 7
911 8
912 7
913 7
914 7
915 7
916 7
917 8
918 7
919 8
920 7
921 8
922 8
923 8
924 7
925 7
926 8
927 7
928 7
929 7
930 7
931 8
932 7
933 8
934 8
935 8
936 7
937 8
938 8
939 8
940 7
941 8
942 8
943 8
944 7
945 7
946 7
947 8
948 7
949 8
950 7
951 8
952 7
953 7
954 7
955 8
956 7
957 7
958 7
959 7
960 6
961 6
962 7
963 7
964 7
965 7
966 7
967 8
968 7
969 7
970 7
971 7
972 6
973 7
974 7
975 7
976 7
977 7
978 7
979 8
980 7
981 7
982 8
983 8
984 7
985 8
986 7
987 8
988 7
989 8
990 7
991 7
992 6
993 7
994 7
995 7
996 7
997 7
998 7
999 7
1000 6
1001 7
1002 7
1003 7
1004 7
1005 7
1006 7
1007 7
1008 6
1009 7
1010 7
1011 8
1012 7
1013 8
1014 7
1015 7
1016 6
1017 7
1018 7
1019 7
1020 6
1021 7
1022 6
1023 6
1024 5
1025 6
1026 6
1027 7
1028 6
1029 7
1030 7
1031 7
1032 6
1033 7
1034 7
1035 8
1036 7
1037 8
1038 7
1039 7
1040 6
1041 7
1042 7
1043 8
1044 7
1045 8
1046 8
1047 8
1048 7
1049 8
1050 7
1051 8
1052 7
1053 7
1054 7
1055 7
1056 6
1057 7
1058 7
1059 8
1060 7
1061 8
1062 7
1063 8
1064 7
1065 8
1066 8
1067 7
1068 8
1069 8
1070 8
1071 7
1072 7
1073 7
1074 7
1075 8
1076 7
1077 7
1078 7
1079 7
1080 6
1081 7
1082 7
1083 7
1084 7
1085 7
1086 7
1087 7
1088 6
1089 6
1090 7
1091 7
1092 7
1093 7
1094 8
1095 7
1096 7
1097 7
1098 7
1099 8
1100 7
1101 8
1102 7
1103 8
1104 7
1105 7
1106 7
1107 7
1108 8
1109 8
1110 7
1111 7
1112 8
1113 8
1114 8
1115 7
1116 7
1117 8
1118 8
1119 8
1120 7
1121 7
1122 7
1123 7
1124 7
1125 6
1126 7
1127 7
1128 7
1129 8
1130 7
1131 8
1132 8
1133 8
1134 7
1135 7
1136 7
1137 8
1138 7
1139 7
1140 7
1141 8
1142 8
1143 8
1144 7
1145 8
1146 7
1147 7
1148 7
1149 8
1150 7
1151 7
1152 6
1153 7
1154 7
1155 7
1156 6
1157 7
1158 7
1159 7
1160 7
1161 8
1162 7
1163 8
1164 7
1165 8
1166 8
1167 8
1168 7
1169 8
1170 7
1171 8
1172 7
1173 7
1174 7
1175 7
1176 7
1177 8
1178 8
1179 8
1180 8
1181 8
1182 7
1183 7
1184 7
1185 7
1186 7
1187 7
1188 6
1189 7
1190 7
1191 7
1192 7
1193 8
1194 7
1195 8
1196 8
1197 8
1198 8
1199 8
1200 7
1201 8
1202 8
1203 8
1204 8
1205 8
1206 8
1207 8
1208 8
1209 7
1210 7
1211 8
1212 8
1213 8
1214 8
1215 7
1216 7
1217 8
1218 7
1219 7
1220 7
1221 7
1222 7
1223 7
1224 6
1225 6
1226 7
1227 7
1228 7
1229 7
1230 7
1231 7
1232 7
1233 8
1234 8
1235 8
1236 8
1237 8
1238 8
1239 8
1240 7
1241 8
1242 7
1243 8
1244 7
1245 7
1246 7
1247 7
1248 7
1249 7
1250 6
1251 7
1252 7
1253 7
1254 7
1255 7
1256 7
1257 7
1258 7
1259 7
1260 6
1261 7
1262 7
1263 7
1264 7
1265 8
1266 7
1267 8
1268 8
1269 7
1270 7
1271 8
1272 7
1273 8
1274 8
1275 7
1276 7
1277 8
1278 7
1279 7
1280 6
1281 7
1282 7
1283 8
1284 7
1285 7
1286 7
1287 7
1288 7
1289 7
1290 6
1291 7
1292 6
1293 6
1294 6
1295 6
1296 5
1297 6
1298 6
1299 6
1300 6
1301 7
1302 6
1303 7
1304 7
1305 7
1306 7
1307 8
1308 7
1309 7
1310 8
1311 8
1312 7
1313 8
1314 7
1315 8
1316 7
1317 8
1318 8
1319 8
1320 7
1321 8
1322 7
1323 7
1324 8
1325 7
1326 7
1327 8
1328 7
1329 7
1330 7
1331 6
1332 6
1333 7
1334 7
1335 7
1336 7
1337 8
1338 7
1339 8
1340 7
1341 8
1342 7
1343 8
1344 7
1345 8
1346 8
1347 8
1348 8
1349 8
1350 7
1351 8
1352 7
1353 7
1354 8
1355 8
1356 8
1357 8
1358 8
1359 8
1360 7
1361 8
1362 7
1363 7
1364 7
1365 7
1366 7
1367 7
1368 6
1369 6
1370 7
1371 7
1372 7
1373 7
1374 7
1375 7
1376 8
1377 7
1378 7
1379 8
1380 7
1381 8
1382 8
1383 8
1384 8
1385 8
1386 7
1387 8
1388 8
1389 8
1390 8
1391 8
1392 8
1393 8
1394 8
1395 8
1396 8
1397 8
1398 7
1399 8
1400 7
1401 7
1402 7
1403 7
1404 6
1405 7
1406 7
1407 7
1408 7
1409 8
1410 7
1411 8
1412 8
1413 8
1414 8
1415 8
1416 8
1417 8
1418 8
1419 8
1420 8
1421 8
1422 7
1423 8
1424 8
1425 8
1426 7
1427 8
1428 7
1429 8
1430 7
1431 7
1432 8
1433 8
1434 7
1435 7
1436 7
1437 8
1438 7
1439 7
1440 6
1441 7
1442 7
1443 7
1444 6
1445 7
1446 7
1447 7
1448 7
1449 7
1450 7
1451 8
1452 7
1453 8
1454 7
1455 7
1456 7
1457 7
1458 6
1459 7
1460 7
1461 7
1462 7
1463 8
1464 7
1465 8
1466 8
1467 7
1468 8
1469 8
1470 7
1471 8
1472 7
1473 8
1474 8
1475 8
1476 7
1477 8
1478 8
1479 8
1480 7
1481 8
1482 7
1483 8
1484 7
1485 7
1486 8
1487 8
1488 7
1489 8
1490 8
1491 8
1492 8
1493 8
1494 7
1495 8
1496 8
1497 8
1498 8
1499 8
1500 7
1501 8
1502 8
1503 8
1504 7
1505 8
1506 7
1507 8
1508 7
1509 7
1510 7
1511 7
1512 6
1513 7
1514 7
1515 7
1516 7
1517 7
1518 7
1519 7
1520 7
1521 6
1522 7
1523 7
1524 7
1525 8
1526 8
1527 7
1528 8
1529 8
1530 7
1531 8
1532 7
1533 8
1534 7
1535 7
1536 6
1537 7
1538 7
1539 7
1540 7
1541 8
1542 7
1543 8
1544 8
1545 8
1546 8
1547 8
1548 7
1549 8
1550 8
1551 8
1552 7
1553 8
1554 7
1555 8
1556 8
1557 7
1558 7
1559 8
1560 7
1561 8
1562 8
1563 8
1564 7
1565 8
1566 7
1567 8
1568 7
1569 8
1570 8
1571 8
1572 7
1573 7
1574 8
1575 7
1576 8
1577 8
1578 8
1579 8
1580 7
1581 8
1582 8
1583 8
1584 7
1585 8
1586 8
1587 7
1588 8
1589 8
1590 7
1591 7
1592 7
1593 8
1594 7
1595 7
1596 7
1597 7
1598 7
1599 7
1600 6
1601 7
1602 7
1603 7
1604 7
1605 7
1606 7
1607 8
1608 7
1609 8
1610 7
1611 8
1612 8
1613 8
1614 8
1615 8
1616 7
1617 7
1618 8
1619 8
1620 7
1621 8
1622 8
1623 8
1624 7
1625 8
1626 8
1627 8
1628 8
1629 8
1630 8
1631 8
1632 7
1633 8
1634 8
1635 8
1636 7
1637 8
1638 7
1639 8
1640 7
1641 8
1642 8
1643 8
1644 8
1645 8
1646 8
1647 8
1648 8
1649 8
1650 7
1651 8
1652 8
1653 8
1654 8
1655 8
1656 7
1657 8
1658 8
1659 8
1660 8
1661 8
1662 8
1663 8
1664 7
1665 8
1666 8
1667 8
1668 8
1669 8
1670 8
1671 8
1672 7
1673 8
1674 8
1675 8
1676 8
1677 8
1678 8
1679 8
1680 7
1681 7
1682 7
1683 8
1684 8
1685 8
1686 8
1687 8
1688 8
1689 8
1690 7
1691 8
1692 7
1693 8
1694 7
1695 8
1696 8
1697 8
1698 8
1699 8
1700 7
1701 7
1702 8
1703 8
1704 7
1705 8
1706 8
1707 8
1708 8
1709 8
1710 7
1711 8
1712 7
1713 8
1714 8
1715 7
1716 7
1717 8
1718 8
1719 7
1720 7
1721 8
1722 7
1723 8
1724 7
1725 7
1726 7
1727 7
1728 6
1729 7
1730 7
1731 7
1732 7
1733 8
1734 7
1735 8
1736 7
1737 7
1738 8
1739 8
1740 7
1741 8
1742 8
1743 8
1744 7
1745 8
1746 8
1747 8
1748 8
1749 8
1750 7
1751 8
1752 7
1753 8
1754 8
1755 7
1756 8
1757 7
1758 7
1759 8
1760 7
1761 7
1762 7
1763 7
1764 6
1765 7
1766 7
1767 7
1768 7
1769 8
1770 7
1771 7
1772 8
1773 8
1774 8
1775 8
1776 7
1777 8
1778 8
1779 8
1780 8
1781 8
1782 7
1783 8
1784 8
1785 8
1786 8
1787 8
1788 8
1789 8
1790 8
1791 8
1792 7
1793 8
1794 8
1795 8
1796 8
1797 8
1798 8
1799 8
1800 7










