1 0
2 1
3 2
4 2
5 3
6 3
7 4
8 3
9 3
10 4
11 4
12 4
13 5
14 4
15 4
16 3
17 4
18 4
19 5
20 4
21 5
22 5
23 5
24 4
25 4
26 5
27 4
28 5
29 5
30 5
31 5
32 4
33 5
34 5
35 5
36 4
37 5
38 5
39 5
40 5
41 6
42 5
43 6
44 6
45 5
46 6
47 6
48 5
49 5
50 5
51 6
52 6
53 6
54 5
55 6
56 5
57 6
58 6
59 6
60 5
61 6
62 5
63 5
64 4
65 5
66 5
67 6
68 5
69 6
70 6
71 6
72 5
73 6
74 6
75 5
76 6
77 6
78 5
79 5
80 5
81 4
82 5
83 5
84 5
85 6
86 6
87 6
88 6
89 6
90 5
91 6
92 6
93 6
94 6
95 6
96 5
97 6
98 6
99 5
100 5
101 6
102 6
103 6
104 6
105 6
106 6
107 6
108 5
109 6
110 6
111 6
112 6
113 7
114 6
115 6
116 6
117 6
118 6
119 6
120 6
121 5
122 6
123 6
124 6
125 5
126 6
127 6
128 5
129 6
130 6
131 7
132 6
133 7
134 7
135 6
136 6
137 7
138 6
139 7
140 6
141 6
142 6
143 6
144 5
145 6
146 6
147 6
148 6
149 7
150 6
151 7
152 6
153 6
154 6
155 7
156 6
157 7
158 6
159 6
160 6
161 6
162 5
163 6
164 6
165 6
166 6
167 7
168 6
169 6
170 7
171 6
172 7
173 7
174 7
175 6
176 6
177 7
178 7
179 7
180 6
181 7
182 6
183 7
184 7
185 7
186 7
187 7
188 6
189 6
190 6
191 6
192 5
193 6
194 6
195 6
196 5
197 6
198 6
199 7
200 6
201 7
202 7
203 7
204 6
205 7
206 7
207 7
208 6
209 6
210 6
211 7
212 6
213 6
214 6
215 6
216 5
217 6
218 6
219 6
220 6
221 6
222 6
223 6
224 5
225 5
226 6
227 6
228 6
229 6
230 6
231 7
232 7
233 7
234 6
235 7
236 6
237 6
238 6
239 6
240 5
241 6
242 6
243 5
244 6
245 6
246 6
247 7
248 6
249 6
250 6
251 6
252 5
253 6
254 5
255 5
256 4
257 5
258 5
259 6
260 5
261 6
262 6
263 7
264 6
265 7
266 7
267 7
268 6
269 7
270 6
271 6
272 5
273 6
274 6
275 7
276 6
277 7
278 7
279 7
280 6
281 7
282 7
283 7
284 6
285 6
286 6
287 6
288 5
289 5
290 6
291 6
292 6
293 6
294 6
295 7
296 7
297 6
298 7
299 7
300 6
301 7
302 7
303 7
304 6
305 6
306 6
307 7
308 6
309 7
310 7
311 8
312 7
313 7
314 7
315 6
316 6
317 7
318 6
319 6
320 5
321 6
322 6
323 6
324 5
325 6
326 6
327 6
328 6
329 7
330 6
331 7
332 7
333 6
334 7
335 7
336 6
337 7
338 7
339 7
340 6
341 7
342 6
343 6
344 7
345 7
346 7
347 7
348 7
349 7
350 7
351 7
352 6
353 7
354 7
355 7
356 7
357 6
358 7
359 7
360 6
361 6
362 7
363 6
364 7
365 7
366 7
367 7
368 7
369 7
370 7
371 7
372 7
373 7
374 7
375 6
376 7
377 7
378 6
379 7
380 6
381 7
382 7
383 7
384 6
385 7
386 7
387 7
388 7
389 7
390 7
391 7
392 6
393 7
394 7
395 6
396 6
397 7
398 6
399 6
400 5
401 6
402 6
403 7
404 6
405 6
406 7
407 7
408 7
409 7
410 7
411 7
412 7
413 8
414 7
415 7
416 6
417 7
418 7
419 7
420 6
421 7
422 7
423 7
424 7
425 7
426 7
427 7
428 7
429 7
430 7
431 7
432 6
433 7
434 7
435 7
436 7
437 7
438 7
439 7
440 6
441 6
442 7
443 7
444 7
445 7
446 7
447 7
448 6
449 7
450 6
451 7
452 7
453 7
454 7
455 7
456 7
457 7
458 7
459 7
460 7
461 7
462 7
463 7
464 7
465 6
466 7
467 7
468 7
469 7
470 7
471 8
472 7
473 7
474 7
475 7
476 7
477 7
478 7
479 7
480 6
481 7
482 7
483 7
484 6
485 7
486 6
487 7
488 7
489 7
490 7
491 8
492 7
493 7
494 7
495 7
496 6
497 7
498 7
499 7
500 6
501 7
502 7
503 7
504 6
505 7
506 7
507 7
508 6
509 7
510 6
511 6
512 5
513 6
514 6
515 7
516 6
517 7
518 7
519 7
520 6
521 7
522 7
523 7
524 7
525 6
526 7
527 7
528 6
529 6
530 7
531 7
532 7
533 7
534 7
535 7
536 7
537 8
538 8
539 7
540 7
541 8
542 7
543 7
544 6
545 7
546 7
547 7
548 7
549 7
550 6
551 7
552 6
553 7
554 7
555 7
556 7
557 7
558 7
559 7
560 7
561 6
562 7
563 7
564 7
565 7
566 7
567 6
568 7
569 7
570 6
571 7
572 6
573 7
574 6
575 6
576 5
577 6
578 6
579 7
580 6
581 7
582 6
583 7
584 7
585 7
586 7
587 8
588 7
589 7
590 7
591 8
592 7
593 8
594 7
595 7
596 7
597 7
598 7
599 7
600 6
601 7
602 7
603 7
604 7
605 7
606 7
607 8
608 7
609 7
610 7
611 7
612 6
613 7
614 7
615 7
616 7
617 7
618 7
619 7
620 6
621 6
622 6
623 6
624 6
625 5
626 6
627 6
628 6
629 6
630 6
631 7
632 7
633 7
634 7
635 7
636 7
637 7
638 7
639 7
640 6
641 7
642 7
643 8
644 7
645 7
646 7
647 7
648 6
649 7
650 6
651 7
652 7
653 7
654 7
655 7
656 7
657 7
658 8
659 8
660 7
661 8
662 8
663 8
664 7
665 7
666 7
667 7
668 7
669 7
670 7
671 7
672 6
673 7
674 7
675 6
676 6
677 7
678 7
679 7
680 7
681 7
682 7
683 8
684 7
685 7
686 7
687 8
688 8
689 8
690 7
691 8
692 8
693 7
694 8
695 7
696 7
697 7
698 7
699 7
700 6
701 7
702 6
703 7
704 7
705 7
706 8
707 8
708 7
709 7
710 7
711 6
712 7
713 7
714 7
715 8
716 7
717 7
718 7
719 7
720 6
721 7
722 7
723 7
724 7
725 6
726 6
727 6
728 6
729 5
730 6
731 6
732 6
733 7
734 7
735 7
736 7
737 7
738 6
739 7
740 7
741 7
742 8
743 8
744 7
745 7
746 7
747 6
748 7
749 7
750 6
751 7
752 7
753 7
754 7
755 7
756 6
757 7
758 7
759 7
760 7
761 8
762 7
763 8
764 7
765 7
766 7
767 7
768 6
769 7
770 7
771 7
772 7
773 8
774 7
775 7
776 7
777 7
778 7
779 7
780 7
781 7
782 7
783 6
784 6
785 7
786 7
787 7
788 7
789 7
790 7
791 7
792 7
793 7
794 8
795 7
796 7
797 8
798 7
799 7
800 6
801 7
802 7
803 8
804 7
805 7
806 7
807 7
808 7
809 7
810 6
811 7
812 7
813 7
814 7
815 8
816 7
817 8
818 8
819 7
820 7
821 8
822 8
823 8
824 8
825 7
826 8
827 8
828 7
829 8
830 7
831 8
832 7
833 7
834 8
835 8
836 7
837 7
838 7
839 7
840 7
841 6
842 7
843 7
844 7
845 7
846 7
847 7
848 7
849 8
850 7
851 8
852 7
853 8
854 8
855 8
856 7
857 8
858 7
859 8
860 7
861 7
862 7
863 7
864 6
865 7
866 7
867 7
868 7
869 7
870 7
871 8
872 7
873 7
874 8
875 7
876 7
877 8
878 8
879 8
880 7
881 8
882 7
883 8
884 7
885 7
886 7
887 8
888 7
889 7
890 7
891 6
892 7
893 7
894 7
895 7
896 6
897 7
898 7
899 7
900 6
901 7
902 7
903 7
904 7
905 7
906 7
907 8
908 7
909 7
910 7
911 8
912 7
913 7
914 7
915 7
916 7
917 8
918 7
919 8
920 7
921 8
922 8
923 8
924 7
925 7
926 8
927 7
928 7
929 7
930 7
931 8
932 7
933 8
934 8
935 8
936 7
937 8
938 8
939 8
940 7
941 8
942 8
943 8
944 7
945 7
946 7
947 8
948 7
949 8
950 7
951 8
952 7
953 7
954 7
955 8
956 7
957 7
958 7
959 7
960 6
961 6
962 7
963 7
964 7
965 7
966 7
967 8
968 7
969 7
970 7
971 7
972 6
973 7
974 7
975 7
976 7
977 7
978 7
979 8
980 7
981 7
982 8
983 8
984 7
985 8
986 7
987 8
988 7
989 8
990 7
991 7
992 6
993 7
994 7
995 7
996 7
997 7
998 7
999 7
1000 6
1001 7
1002 7
1003 7
1004 7
1005 7
1006 7
1007 7
1008 6
1009 7
1010 7
1011 8
1012 7
1013 8
1014 7
1015 7
1016 6
1017 7
1018 7
1019 7
1020 6
1021 7
1022 6
1023 6
1024 5
1025 6
1026 6
1027 7
1028 6
1029 7
1030 7
1031 7
1032 6
1033 7
1034 7
1035 8
1036 7
1037 8
1038 7
1039 7
1040 6
1041 7
1042 7
1043 8
1044 7
1045 8
1046 8
1047 8
1048 7
1049 8
1050 7
1051 8
1052 7
1053 7
1054 7
1055 7
1056 6
1057 7
1058 7
1059 8
1060 7
1061 8
1062 7
1063 8
1064 7
1065 8
1066 8
1067 7
1068 8
1069 8
1070 8
1071 7
1072 7
1073 7
1074 7
1075 8
1076 7
1077 7
1078 7
1079 7
1080 6
1081 7
1082 7
1083 7
1084 7
1085 7
1086 7
1087 7
1088 6
1089 6
1090 7
1091 7
1092 7
1093 7
1094 8
1095 7
1096 7
1097 7
1098 7
1099 8
1100 7
1101 8
1102 7
1103 8
1104 7
1105 7
1106 7
1107 7
1108 8
1109 8
1110 7
1111 7
1112 8
1113 8
1114 8
1115 7
1116 7
1117 8
1118 8
1119 8
1120 7
1121 7
1122 7
1123 7
1124 7
1125 6
1126 7
1127 7
1128 7
1129 8
1130 7
1131 8
1132 8
1133 8
1134 7
1135 7
1136 7
1137 8
1138 7
1139 7
1140 7
1141 8
1142 8
1143 8
1144 7
1145 8
1146 7
1147 7
1148 7
1149 8
1150 7
1151 7
1152 6
1153 7
1154 7
1155 7
1156 6
1157 7
1158 7
1159 7
1160 7
1161 8
1162 7
1163 8
1164 7
1165 8
1166 8
1167 8
1168 7
1169 8
1170 7
1171 8
1172 7
1173 7
1174 7
1175 7
1176 7
1177 8
1178 8
1179 8
1180 8
1181 8
1182 7
1183 7
1184 7
1185 7
1186 7
1187 7
1188 6
1189 7
1190 7
1191 7
1192 7
1193 8
1194 7
1195 8
1196 8
1197 8
1198 8
1199 8
1200 7
1201 8
1202 8
1203 8
1204 8
1205 8
1206 8
1207 8
1208 8
1209 7
1210 7
1211 8
1212 8
1213 8
1214 8
1215 7
1216 7
1217 8
1218 7
1219 7
1220 7
1221 7
1222 7
1223 7
1224 6
1225 6
1226 7
1227 7
1228 7
1229 7
1230 7
1231 7
1232 7
1233 8
1234 8
1235 8
1236 8
1237 8
1238 8
1239 8
1240 7
1241 8
1242 7
1243 8
1244 7
1245 7
1246 7
1247 7
1248 7
1249 7
1250 6
1251 7
1252 7
1253 7
1254 7
1255 7
1256 7
1257 7
1258 7
1259 7
1260 6
1261 7
1262 7
1263 7
1264 7
1265 8
1266 7
1267 8
1268 8
1269 7
1270 7
1271 8
1272 7
1273 8
1274 8
1275 7
1276 7
1277 8
1278 7
1279 7
1280 6
1281 7
1282 7
1283 8
1284 7
1285 7
1286 7
1287 7
1288 7
1289 7
1290 6
1291 7
1292 6
1293 6
1294 6
1295 6
1296 5
1297 6
1298 6
1299 6
1300 6
1301 7
1302 6
1303 7
1304 7
1305 7
1306 7
1307 8
1308 7
1309 7
1310 8
1311 8
1312 7
1313 8
1314 7
1315 8
1316 7
1317 8
1318 8
1319 8
1320 7
1321 8
1322 7
1323 7
1324 8
1325 7
1326 7
1327 8
1328 7
1329 7
1330 7
1331 6
1332 6
1333 7
1334 7
1335 7
1336 7
1337 8
1338 7
1339 8
1340 7
1341 8
1342 7
1343 8
1344 7
1345 8
1346 8
1347 8
1348 8
1349 8
1350 7
1351 8
1352 7
1353 7
1354 8
1355 8
1356 8
1357 8
1358 8
1359 8
1360 7
1361 8
1362 7
1363 7
1364 7
1365 7
1366 7
1367 7
1368 6
1369 6
1370 7
1371 7
1372 7
1373 7
1374 7
1375 7
1376 8
1377 7
1378 7
1379 8
1380 7
1381 8
1382 8
1383 8
1384 8
1385 8
1386 7
1387 8
1388 8
1389 8
1390 8
1391 8
1392 8
1393 8
1394 8
1395 8
1396 8
1397 8
1398 7
1399 8
1400 7
1401 7
1402 7
1403 7
1404 6
1405 7
1406 7
1407 7
1408 7
1409 8
1410 7
1411 8
1412 8
1413 8
1414 8
1415 8
1416 8
1417 8
1418 8
1419 8
1420 8
1421 8
1422 7
1423 8
1424 8
1425 8
1426 7
1427 8
1428 7
1429 8
1430 7
1431 7
1432 8
1433 8
1434 7
1435 7
1436 7
1437 8
1438 7
1439 7
1440 6
1441 7
1442 7
1443 7
1444 6
1445 7
1446 7
1447 7
1448 7
1449 7
1450 7
1451 8
1452 7
1453 8
1454 7
1455 7
1456 7
1457 7
1458 6
1459 7
1460 7
1461 7
1462 7
1463 8
1464 7
1465 8
1466 8
1467 7
1468 8
1469 8
1470 7
1471 8
1472 7
1473 8
1474 8
1475 8
1476 7
1477 8
1478 8
1479 8
1480 7
1481 8
1482 7
1483 8
1484 7
1485 7
1486 8
1487 8
1488 7
1489 8
1490 8
1491 8
1492 8
1493 8
1494 7
1495 8
1496 8
1497 8
1498 8
1499 8
1500 7
1501 8
1502 8
1503 8
1504 7
1505 8
1506 7
1507 8
1508 7
1509 7
1510 7
1511 7
1512 6
1513 7
1514 7
1515 7
1516 7
1517 7
1518 7
1519 7
1520 7
1521 6
1522 7
1523 7
1524 7
1525 8
1526 8
1527 7
1528 8
1529 8
1530 7
1531 8
1532 7
1533 8
1534 7
1535 7
1536 6
1537 7
1538 7
1539 7
1540 7
1541 8
1542 7
1543 8
1544 8
1545 8
1546 8
1547 8
1548 7
1549 8
1550 8
1551 8
1552 7
1553 8
1554 7
1555 8
1556 8
1557 7
1558 7
1559 8
1560 7
1561 8
1562 8
1563 8
1564 7
1565 8
1566 7
1567 8
1568 7
1569 8
1570 8
1571 8
1572 7
1573 7
1574 8
1575 7
1576 8
1577 8
1578 8
1579 8
1580 7
1581 8
1582 8
1583 8
1584 7
1585 8
1586 8
1587 7
1588 8
1589 8
1590 7
1591 7
1592 7
1593 8
1594 7
1595 7
1596 7
1597 7
1598 7
1599 7
1600 6
1601 7
1602 7
1603 7
1604 7
1605 7
1606 7
1607 8
1608 7
1609 8
1610 7
1611 8
1612 8
1613 8
1614 8
1615 8
1616 7
1617 7
1618 8
1619 8
1620 7
1621 8
1622 8
1623 8
1624 7
1625 8
1626 8
1627 8
1628 8
1629 8
1630 8
1631 8
1632 7
1633 8
1634 8
1635 8
1636 7
1637 8
1638 7
1639 8
1640 7
1641 8
1642 8
1643 8
1644 8
1645 8
1646 8
1647 8
1648 8
1649 8
1650 7
1651 8
1652 8
1653 8
1654 8
1655 8
1656 7
1657 8
1658 8
1659 8
1660 8
1661 8
1662 8
1663 8
1664 7
1665 8
1666 8
1667 8
1668 8
1669 8
1670 8
1671 8
1672 7
1673 8
1674 8
1675 8
1676 8
1677 8
1678 8
1679 8
1680 7
1681 7
1682 7
1683 8
1684 8
1685 8
1686 8
1687 8
1688 8
1689 8
1690 7
1691 8
1692 7
1693 8
1694 7
1695 8
1696 8
1697 8
1698 8
1699 8
1700 7
1701 7
1702 8
1703 8
1704 7
1705 8
1706 8
1707 8
1708 8
1709 8
1710 7
1711 8
1712 7
1713 8
1714 8
1715 7
1716 7
1717 8
1718 8
1719 7
1720 7
1721 8
1722 7
1723 8
1724 7
1725 7
1726 7
1727 7
1728 6
1729 7
1730 7
1731 7
1732 7
1733 8
1734 7
1735 8
1736 7
1737 7
1738 8
1739 8
1740 7
1741 8
1742 8
1743 8
1744 7
1745 8
1746 8
1747 8
1748 8
1749 8
1750 7
1751 8
1752 7
1753 8
1754 8
1755 7
1756 8
1757 7
1758 7
1759 8
1760 7
1761 7
1762 7
1763 7
1764 6
1765 7
1766 7
1767 7
1768 7
1769 8
1770 7
1771 7
1772 8
1773 8
1774 8
1775 8
1776 7
1777 8
1778 8
1779 8
1780 8
1781 8
1782 7
1783 8
1784 8
1785 8
1786 8
1787 8
1788 8
1789 8
1790 8
1791 8
1792 7
1793 8
1794 8
1795 8
1796 8
1797 8
1798 8
1799 8
1800 7
1801 8
1802 8
1803 8
1804 8
1805 7
1806 7
1807 8
1808 8
1809 8
1810 8
1811 8
1812 8
1813 8
1814 8
1815 7
1816 8
1817 8
1818 8
1819 8
1820 8
1821 9
1822 8
1823 8
1824 7
1825 7
1826 8
1827 8
1828 8
1829 8
1830 8
1831 8
1832 8
1833 8
1834 8
1835 8
1836 7
1837 8
1838 8
1839 8
1840 7
1841 8
1842 8
1843 8
1844 8
1845 7
1846 8
1847 8
1848 7
1849 7
1850 7
1851 8
1852 8
1853 8
1854 8
1855 8
1856 8
1857 8
1858 8
1859 7
1860 7
1861 8
1862 8
1863 8
1864 8
1865 8
1866 7
1867 8
1868 8
1869 7
1870 7
1871 8
1872 7
1873 7
1874 7
1875 6
1876 7
1877 7
1878 7
1879 8
1880 7
1881 7
1882 8
1883 8
1884 7
1885 8
1886 8
1887 8
1888 8
1889 8
1890 7
1891 8
1892 8
1893 8
1894 8
1895 8
1896 8
1897 8
1898 8
1899 8
1900 7
1901 8
1902 8
1903 8
1904 8
1905 8
1906 8
1907 8
1908 7
1909 8
1910 8
1911 8
1912 8
1913 9
1914 8
1915 8
1916 8
1917 8
1918 8
1919 8
1920 7
1921 8
1922 7
1923 8
1924 8
1925 7
1926 7
1927 8
1928 8
1929 8
1930 8
1931 8
1932 7
1933 8
1934 8
1935 7
1936 7
1937 8
1938 7
1939 8
1940 8
1941 7
1942 7
1943 7
1944 6
1945 7
1946 7
1947 7
1948 8
1949 8
1950 7
1951 8
1952 8
1953 7
1954 8
1955 8
1956 7
1957 8
1958 8
1959 8
1960 7
1961 8
1962 7
1963 8
1964 8
1965 8
1966 8
1967 8
1968 8
1969 8
1970 8
1971 8
1972 8
1973 8
1974 8
1975 7
1976 8
1977 8
1978 8
1979 8
1980 7
1981 8
1982 8
1983 8
1984 7
1985 8
1986 8
1987 9
1988 8
1989 8
1990 7
1991 8
1992 8
1993 8
1994 8
1995 7
1996 7
1997 8
1998 7
1999 7
2000 6
2001 7
2002 7
2003 8
2004 7
2005 7
2006 8
2007 8
2008 8
2009 7
2010 7
2011 8
2012 8
2013 8
2014 8
2015 8
2016 7
2017 8
2018 8
2019 8
2020 7
2021 7
2022 7
2023 7
2024 7
2025 6
2026 7
2027 7
2028 7
2029 7
2030 7
2031 8
2032 7
2033 8
2034 7
2035 8
2036 8
2037 8
2038 8
2039 8
2040 7
2041 8
2042 8
2043 8
2044 7
2045 8
2046 7
2047 7
2048 6
2049 7
2050 7
2051 8
2052 7
2053 8
2054 8
2055 8
2056 7
2057 8
2058 7
2059 8
2060 8
2061 8
2062 8
2063 8
2064 7
2065 8
2066 8
2067 8
2068 8
2069 8
2070 7
2071 8
2072 8
2073 8
2074 8
2075 8
2076 8
2077 8
2078 8
2079 8
2080 7
2081 8
2082 8
2083 9
2084 8
2085 8
2086 8
2087 9
2088 8
2089 9
2090 8
2091 8
2092 8
2093 8
2094 8
2095 8
2096 8
2097 8
2098 8
2099 8
2100 7
2101 8
2102 8
2103 8
2104 8
2105 8
2106 7
2107 7
2108 8
2109 8
2110 8
2111 8
2112 7
2113 8
2114 8
2115 7
2116 7
2117 8
2118 8
2119 8
2120 8
2121 8
2122 8
2123 8
2124 8
2125 8
2126 8
2127 8
2128 8
2129 8
2130 8
2131 8
2132 8
2133 7
2134 8
2135 8
2136 8
2137 8
2138 8
2139 8
2140 8
2141 8
2142 8
2143 8
2144 8
2145 7
2146 8
2147 8
2148 8
2149 8
2150 8
2151 8
2152 8
2153 8
2154 8
2155 8
2156 7
2157 8
2158 8
2159 8
2160 7
2161 8
2162 8
2163 8
2164 8
2165 8
2166 7
2167 8
2168 8
2169 7
2170 8
2171 8
2172 8
2173 8
2174 8
2175 8
2176 7
2177 8
2178 7
2179 8
2180 8
2181 7
2182 8
2183 8
2184 7
2185 7
2186 7
2187 6
2188 7
2189 7
2190 7
2191 8
2192 8
2193 7
2194 8
2195 8
2196 7
2197 7
2198 8
2199 8
2200 7
2201 8
2202 8
2203 8
2204 8
2205 7
2206 8
2207 8
2208 7
2209 7
2210 8
2211 8
2212 8
2213 8
2214 7
2215 8
2216 8
2217 8
2218 8
2219 8
2220 8
2221 8
2222 8
2223 8
2224 8
2225 8
2226 8
2227 8
2228 8
2229 9
2230 8
2231 8
2232 8
2233 8
2234 8
2235 8
2236 8
2237 9
2238 8
2239 8
2240 7
2241 7
2242 8
2243 8
2244 7
2245 8
2246 8
2247 8
2248 8
2249 8
2250 7
2251 8
2252 8
2253 8
2254 7
2255 8
2256 7
2257 8
2258 8
2259 8
2260 8
2261 8
2262 8
2263 8
2264 8
2265 8
2266 8
2267 8
2268 7
2269 8
2270 8
2271 8
2272 7
2273 8
2274 8
2275 8
2276 8
2277 7
2278 8
2279 8
2280 7
2281 8
2282 8
2283 8
2284 8
2285 8
2286 8
2287 8
2288 7
2289 8
2290 8
2291 8
2292 7
2293 8
2294 8
2295 8
2296 7
2297 8
2298 7
2299 8
2300 7
2301 7
2302 7
2303 7
2304 6
2305 7
2306 7
2307 7
2308 7
2309 8
2310 7
2311 8
2312 7
2313 8
2314 8
2315 8
2316 7
2317 8
2318 8
2319 8
2320 7
2321 8
2322 8
2323 8
2324 8
2325 8
2326 8
2327 8
2328 7
2329 8
2330 8
2331 8
2332 8
2333 9
2334 8
2335 8
2336 7
2337 8
2338 8
2339 9
2340 8
2341 9
2342 9
2343 8
2344 8
2345 8
2346 8
2347 8
2348 8
2349 7
2350 7
2351 8
2352 7
2353 8
2354 8
2355 8
2356 8
2357 8
2358 8
2359 8
2360 8
2361 8
2362 8
2363 8
2364 8
2365 8
2366 7
2367 8
2368 7
2369 8
2370 8
2371 8
2372 8
2373 8
2374 8
2375 7
2376 7
2377 8
2378 8
2379 8
2380 7
2381 8
2382 8
2383 8
2384 8
2385 8
2386 8
2387 8
2388 8
2389 8
2390 8
2391 8
2392 7
2393 7
2394 7
2395 7
2396 7
2397 7
2398 7
2399 7
2400 7
2401 6
2402 7
2403 7
2404 7
2405 7
2406 7
2407 7
2408 7
2409 7
2410 7
2411 8
2412 8
2413 8
2414 8
2415 8
2416 8
2417 8
2418 8
2419 8
2420 7
2421 8
2422 8
2423 8
2424 8
2425 8
2426 8
2427 8
2428 8
2429 8
2430 7
2431 8
2432 8
2433 8
2434 8
2435 8
2436 8
2437 8
2438 8
2439 8
2440 8
2441 8
2442 8
2443 8
2444 8
2445 8
2446 8
2447 8
2448 7
2449 8
2450 7
2451 8
2452 8
2453 8
2454 8
2455 8
2456 8
2457 8
2458 8
2459 8
2460 8
2461 9
2462 8
2463 9
2464 8
2465 8
2466 8
2467 8
2468 8
2469 9
2470 8
2471 8
2472 8
2473 8
2474 8
2475 7
2476 8
2477 8
2478 8
2479 8
2480 7
2481 8
2482 8
2483 8
2484 7
2485 7
2486 8
2487 8
2488 8
2489 8
2490 7
2491 8
2492 7
2493 8
2494 8
2495 7
2496 7
2497 7
2498 7
2499 7
2500 6
2501 7
2502 7
2503 7
2504 7
2505 7
2506 8
2507 8
2508 7
2509 8
2510 7
2511 8
2512 8
2513 8
2514 8
2515 8
2516 7
2517 8
2518 8
2519 8
2520 7
2521 8
2522 8
2523 7
2524 8
2525 7
2526 8
2527 8
2528 8
2529 8
2530 8
2531 8
2532 8
2533 8
2534 8
2535 7
2536 8
2537 8
2538 8
2539 8
2540 8
2541 8
2542 8
2543 8
2544 8
2545 8
2546 8
2547 8
2548 7
2549 8
2550 7
2551 8
2552 8
2553 8
2554 8
2555 8
2556 7
2557 8
2558 8
2559 8
2560 7
2561 8
2562 8
2563 8
2564 8
2565 8
2566 8
2567 8
2568 8
2569 9
2570 8
2571 9
2572 8
2573 9
2574 8
2575 8
2576 8
2577 8
2578 8
2579 8
2580 7
2581 8
2582 8
2583 8
2584 7
2585 8
2586 7
2587 8
2588 7
2589 7
2590 7
2591 7
2592 6
2593 7
2594 7
2595 7
2596 7
2597 7
2598 7
2599 8
2600 7
2601 7
2602 8
2603 8
2604 7
2605 8
2606 8
2607 8
2608 8
2609 8
2610 8
2611 8
2612 8
2613 8
2614 9
2615 8
2616 8
2617 8
2618 8
2619 8
2620 8
2621 8
2622 8
2623 8
2624 8
2625 7
2626 8
2627 8
2628 7
2629 8
2630 8
2631 8
2632 8
2633 9
2634 8
2635 8
2636 8
2637 8
2638 8
2639 8
2640 7
2641 8
2642 8
2643 8
2644 8
2645 7
2646 7
2647 8
2648 8
2649 8
2650 7
2651 8
2652 8
2653 8
2654 8
2655 8
2656 8
2657 9
2658 8
2659 8
2660 8
2661 8
2662 7
2663 8
2664 7
2665 8
2666 8
2667 8
2668 8
2669 8
2670 8
2671 8
2672 8
2673 7
2674 8
2675 8
2676 8
2677 8
2678 8
2679 8
2680 8
2681 8
2682 8
2683 9
2684 8
2685 8
2686 8
2687 8
2688 7
2689 8
2690 8
2691 8
2692 8
2693 8
2694 8
2695 7
2696 8
2697 8
2698 8
2699 8
2700 7
2701 7
2702 8
2703 8
2704 7
2705 8
2706 8
2707 8
2708 8
2709 8
2710 8
2711 8
2712 8
2713 8
2714 8
2715 8
2716 7
2717 8
2718 8
2719 8
2720 8
2721 8
2722 8
2723 9
2724 8
2725 8
2726 8
2727 8
2728 7
2729 8
2730 7
2731 8
2732 8
2733 8
2734 8
2735 8
2736 7
2737 8
2738 7
2739 8
2740 7
2741 8
2742 7
2743 7
2744 6
2745 7
2746 7
2747 8
2748 7
2749 8
2750 7
2751 8
2752 8
2753 8
2754 7
2755 8
2756 8
2757 8
2758 7
2759 8
2760 7
2761 8
2762 8
2763 8
2764 8
2765 8
2766 8
2767 9
2768 8
2769 8
2770 8
2771 8
2772 7
2773 8
2774 8
2775 8
2776 8
2777 9
2778 9
2779 9
2780 8
2781 8
2782 8
2783 8
2784 8
2785 8
2786 8
2787 9
2788 8
2789 8
2790 8
2791 8
2792 8
2793 7
2794 8
2795 8
2796 8
2797 8
2798 8
2799 8
2800 7
2801 8
2802 8
2803 8
2804 8
2805 8
2806 8
2807 8
2808 7
2809 7
2810 8
2811 8
2812 7
2813 8
2814 8
2815 8
2816 7
2817 8
2818 8
2819 8
2820 8
2821 8
2822 9
2823 9
2824 9
2825 8
2826 8
2827 8
2828 8
2829 8
2830 9
2831 8
2832 8
2833 8
2834 8
2835 7
2836 8
2837 8
2838 8
2839 8
2840 8
2841 8
2842 7
2843 8
2844 8
2845 8
2846 9
2847 8
2848 8
2849 8
2850 8
2851 8
2852 7
2853 8
2854 8
2855 8
2856 8
2857 8
2858 8
2859 8
2860 8
2861 8
2862 7
2863 8
2864 8
2865 8
2866 8
2867 8
2868 8
2869 8
2870 8
2871 8
2872 8
2873 7
2874 8
2875 7
2876 8
2877 8
2878 8
2879 8
2880 7
2881 8
2882 8
2883 8
2884 8
2885 8
2886 8
2887 8
2888 7
2889 7
2890 8
2891 8
2892 8
2893 9
2894 8
2895 8
2896 8
2897 8
2898 7
2899 8
2900 7
2901 8
2902 8
2903 8
2904 7
2905 8
2906 8
2907 7
2908 8
2909 8
2910 7
2911 8
2912 7
2913 7
2914 7
2915 7
2916 6
2917 7
2918 7
2919 7
2920 8
2921 8
2922 7
2923 8
2924 8
2925 7
2926 8
2927 8
2928 7
2929 8
2930 8
2931 8
2932 8
2933 8
2934 7
2935 8
2936 8
2937 8
2938 8
2939 8
2940 7
2941 8
2942 8
2943 7
2944 7
2945 8
2946 8
2947 9
2948 8
2949 8
2950 8
2951 8
2952 7
2953 8
2954 8
2955 8
2956 8
2957 8
2958 8
2959 8
2960 8
2961 7
2962 8
2963 8
2964 8
2965 8
2966 8
2967 8
2968 7
2969 8
2970 7
2971 8
2972 8
2973 8
2974 8
2975 8
2976 7
2977 8
2978 8
2979 8
2980 8
2981 8
2982 8
2983 9
2984 8
2985 8
2986 9
2987 9
2988 8
2989 8
2990 8
2991 8
2992 8
2993 8
2994 8
2995 8
2996 8
2997 7
2998 8
2999 8
3000 7
3001 8
3002 8
3003 8
3004 8
3005 8
3006 8
3007 8
3008 7
3009 8
3010 8
3011 8
3012 8
3013 9
3014 8
3015 8
3016 8
3017 8
3018 8
3019 8
3020 8
3021 8
3022 8
3023 8
3024 7
3025 7
3026 8
3027 8
3028 8
3029 8
3030 8
3031 8
3032 8
3033 8
3034 8
3035 8
3036 8
3037 9
3038 8
3039 8
3040 7
3041 8
3042 7
3043 8
3044 8
3045 8
3046 8
3047 8
3048 7
3049 8
3050 7
3051 8
3052 8
3053 8
3054 8
3055 8
3056 7
3057 8
3058 8
3059 8
3060 7
3061 8
3062 8
3063 8
3064 8
3065 9
3066 8
3067 8
3068 7
3069 8
3070 7
3071 7
3072 6
3073 7
3074 7
3075 7
3076 7
3077 8
3078 7
3079 8
3080 7
3081 8
3082 8
3083 8
3084 7
3085 8
3086 8
3087 7
3088 7
3089 8
3090 8
3091 8
3092 8
3093 8
3094 8
3095 8
3096 7
3097 8
3098 8
3099 8
3100 7
3101 8
3102 8
3103 8
3104 7
3105 7
3106 8
3107 8
3108 7
3109 8
3110 7
3111 8
3112 8
3113 8
3114 8
3115 7
3116 8
3117 8
3118 8
3119 8
3120 7
3121 7
3122 7
3123 7
3124 7
3125 6
3126 7
3127 7
3128 7
3129 7
3130 7
3131 8
3132 7
3133 8
3134 7
3135 7
3136 6
3137 7
3138 7
3139 8
3140 7
3141 8
3142 8
3143 7
3144 7
3145 7
3146 8
3147 8
3148 8
3149 8
3150 7
3151 8
3152 7
3153 8
3154 8
3155 8
3156 8
3157 8
3158 9
3159 8
3160 8
3161 8
3162 8
3163 8
3164 7
3165 8
3166 8
3167 8
3168 7
3169 8
3170 8
3171 8
3172 8
3173 8
3174 7
3175 7
3176 8
3177 8
3178 8
3179 8
3180 8
3181 8
3182 8
3183 8
3184 8
3185 7
3186 8
3187 8
3188 8
3189 8
3190 8
3191 8
3192 7
3193 8
3194 8
3195 8
3196 8
3197 8
3198 8
3199 8
3200 7
3201 8
3202 8
3203 8
3204 8
3205 8
3206 8
3207 9
3208 8
3209 9
3210 8
3211 8
3212 8
3213 8
3214 8
3215 8
3216 7
3217 8
3218 8
3219 8
3220 8
3221 8
3222 8
3223 8
3224 8
3225 7
3226 8
3227 8
3228 8
3229 8
3230 8
3231 8
3232 8
3233 8
3234 8
3235 8
3236 8
3237 8
3238 8
3239 8
3240 7
3241 8
3242 8
3243 8
3244 8
3245 8
3246 8
3247 8
3248 7
3249 7
3250 7
3251 8
3252 8
3253 8
3254 8
3255 8
3256 8
3257 8
3258 8
3259 8
3260 8
3261 8
3262 8
3263 8
3264 7
3265 8
3266 8
3267 7
3268 8
3269 8
3270 8
3271 9
3272 8
3273 8
3274 8
3275 8
3276 7
3277 8
3278 8
3279 8
3280 8
3281 8
3282 8
3283 8
3284 8
3285 8
3286 8
3287 8
3288 8
3289 8
3290 8
3291 9
3292 9
3293 9
3294 8
3295 8
3296 8
3297 8
3298 8
3299 8
3300 7
3301 8
3302 8
3303 8
3304 8
3305 8
3306 8
3307 9
3308 8
3309 9
3310 8
3311 8
3312 7
3313 8
3314 8
3315 7
3316 8
3317 8
3318 8
3319 8
3320 8
3321 8
3322 9
3323 9
3324 8
3325 8
3326 8
3327 8
3328 7
3329 8
3330 7
3331 8
3332 7
3333 8
3334 8
3335 8
3336 8
3337 8
3338 9
3339 8
3340 8
3341 8
3342 8
3343 8
3344 7
3345 7
3346 8
3347 8
3348 7
3349 8
3350 8
3351 9
3352 8
3353 8
3354 8
3355 8
3356 8
3357 8
3358 8
3359 7
3360 7
3361 8
3362 8
3363 8
3364 7
3365 8
3366 8
3367 8
3368 8
3369 8
3370 7
3371 7
3372 7
3373 7
3374 7
3375 6
3376 7
3377 7
3378 7
3379 7
3380 7
3381 8
3382 8
3383 8
3384 8
3385 8
3386 8
3387 8
3388 7
3389 8
3390 7
3391 7
3392 7
3393 8
3394 8
3395 8
3396 8
3397 8
3398 9
3399 8
3400 8
3401 8
3402 7
3403 8
3404 8
3405 7
3406 8
3407 8
3408 7
3409 8
3410 8
3411 8
3412 8
3413 8
3414 8
3415 8
3416 8
3417 8
3418 8
3419 8
3420 7
3421 8
3422 8
3423 8
3424 8
3425 8
3426 8
3427 9
3428 8
3429 8
3430 8
3431 8
3432 7
3433 8
3434 8
3435 7
3436 8
3437 8
3438 8
3439 8
3440 8
3441 8
3442 8
3443 8
3444 7
3445 8
3446 8
3447 8
3448 8
3449 8
3450 7
3451 8
3452 7
3453 8
3454 7
3455 7
3456 6
3457 7
3458 7
3459 8
3460 7
3461 8
3462 7
3463 8
3464 8
3465 7
3466 8
3467 8
3468 7
3469 8
3470 8
3471 8
3472 7
3473 8
3474 8
3475 8
3476 8
3477 8
3478 8
3479 8
3480 7
3481 7
3482 8
3483 8
3484 8
3485 8
3486 8
3487 8
3488 8
3489 8
3490 8
3491 8
3492 7
3493 8
3494 8
3495 8
3496 8
3497 8
3498 8
3499 8
3500 7
3501 8
3502 8
3503 8
3504 7
3505 8
3506 8
3507 9
3508 8
3509 8
3510 8
3511 8
3512 8
3513 9
3514 8
3515 8
3516 8
3517 8
3518 8
3519 8
3520 7
3521 8
3522 8
3523 8
3524 8
3525 8
3526 8
3527 8
3528 7
3529 8
3530 8
3531 8
3532 8
3533 9
3534 8
3535 8
3536 7
3537 8
3538 8
3539 8
3540 7
3541 8
3542 8
3543 9
3544 8
3545 8
3546 8
3547 9
3548 8
3549 8
3550 8
3551 8
3552 7
3553 8
3554 8
3555 8
3556 7
3557 8
3558 8
3559 9
3560 8
3561 8
3562 8
3563 8
3564 7
3565 8
3566 8
3567 8
3568 7
3569 8
3570 7
3571 8
3572 8
3573 8
3574 8
3575 8
3576 7
3577 8
3578 8
3579 8
3580 7
3581 8
3582 7
3583 7
3584 6
3585 7
3586 7
3587 8
3588 7
3589 8
3590 7
3591 8
3592 7
3593 8
3594 7
3595 8
3596 7
3597 8
3598 7
3599 7
3600 6
3601 7
3602 7
3603 8
3604 7
3605 8
3606 7
3607 8
3608 7
3609 8
3610 7
3611 8
3612 7
3613 8
3614 8
3615 7
3616 7
3617 8
3618 8
3619 8
3620 8
3621 8
3622 9
3623 8
3624 8
3625 7
3626 8
3627 8
3628 8
3629 8
3630 7
3631 8
3632 7
3633 8
3634 8
3635 8
3636 8
3637 9
3638 8
3639 8
3640 7
3641 8
3642 8
3643 8
3644 8
3645 7
3646 8
3647 8
3648 7
3649 8
3650 8
3651 9
3652 8
3653 8
3654 8
3655 8
3656 8
3657 8
3658 8
3659 8
3660 7
3661 8
3662 8
3663 8
3664 7
3665 8
3666 8
3667 8
3668 8
3669 8
3670 8
3671 8
3672 7
3673 8
3674 8
3675 7
3676 8
3677 8
3678 8
3679 8
3680 8
3681 8
3682 8
3683 8
3684 8
3685 8
3686 9
3687 9
3688 8
3689 8
3690 8
3691 9
3692 8
3693 8
3694 8
3695 8
3696 7
3697 8
3698 8
3699 8
3700 8
3701 8
3702 9
3703 8
3704 8
3705 7
3706 8
3707 8
3708 8
3709 8
3710 8
3711 8
3712 7
3713 8
3714 8
3715 8
3716 8
3717 7
3718 8
3719 8
3720 7
3721 7
3722 8
3723 8
3724 8
3725 8
3726 8
3727 8
3728 8
3729 8
3730 8
3731 8
3732 8
3733 8
3734 9
3735 8
3736 8
3737 8
3738 8
3739 9
3740 8
3741 8
3742 8
3743 8
3744 7
3745 8
3746 8
3747 8
3748 8
3749 8
3750 7
3751 8
3752 8
3753 8
3754 8
3755 8
3756 8
3757 7
3758 8
3759 8
3760 8
3761 8
3762 8
3763 8
3764 8
3765 8
3766 8
3767 9
3768 8
3769 8
3770 8
3771 8
3772 8
3773 8
3774 8
3775 8
3776 7
3777 8
3778 8
3779 8
3780 7
3781 8
3782 7
3783 8
3784 8
3785 8
3786 8
3787 8
3788 8
3789 8
3790 8
3791 8
3792 8
3793 8
3794 8
3795 8
3796 8
3797 9
3798 8
3799 9
3800 8
3801 9
3802 9
3803 9
3804 8
3805 9
3806 8
3807 8
3808 7
3809 8
3810 7
3811 8
3812 8
3813 8
3814 8
3815 8
3816 7
3817 8
3818 8
3819 8
3820 8
3821 8
3822 8
3823 8
3824 7
3825 7
3826 8
3827 8
3828 7
3829 8
3830 8
3831 8
3832 7
3833 8
3834 8
3835 8
3836 7
3837 8
3838 7
3839 7
3840 6
3841 7
3842 7
3843 7
3844 6
3845 7
3846 7
3847 8
3848 7
3849 8
3850 8
3851 8
3852 7
3853 8
3854 8
3855 7
3856 7
3857 8
3858 8
3859 8
3860 7
3861 8
3862 8
3863 9
3864 8
3865 9
3866 8
3867 8
3868 8
3869 8
3870 7
3871 8
3872 7
3873 8
3874 8
3875 8
3876 8
3877 8
3878 8
3879 7
3880 8
3881 8
3882 7
3883 8
3884 8
3885 7
3886 7
3887 7
3888 6
3889 7
3890 7
3891 7
3892 8
3893 8
3894 7
3895 8
3896 8
3897 7
3898 8
3899 8
3900 7
3901 8
3902 8
3903 8
3904 7
3905 7
3906 7
3907 8
3908 7
3909 8
3910 8
3911 9
3912 8
3913 8
3914 8
3915 8
3916 8
3917 8
3918 8
3919 8
3920 7
3921 8
3922 8
3923 8
3924 7
3925 8
3926 8
3927 8
3928 9
3929 9
3930 8
3931 9
3932 8
3933 8
3934 8
3935 8
3936 8
3937 8
3938 8
3939 9
3940 8
3941 9
3942 8
3943 9
3944 8
3945 8
3946 9
3947 9
3948 8
3949 8
3950 8
3951 8
3952 7
3953 7
3954 8
3955 8
3956 8
3957 8
3958 8
3959 8
3960 7
3961 7
3962 7
3963 8
3964 7
3965 7
3966 7
3967 7
3968 6
3969 6
3970 7
3971 7
3972 7
3973 7
3974 8
3975 8
3976 7
3977 7
3978 7
3979 8
3980 8
3981 8
3982 8
3983 8
3984 7
3985 7
3986 8
3987 8
3988 8
3989 8
3990 8
3991 8
3992 8
3993 7
3994 8
3995 8
3996 7
3997 8
3998 8
3999 8
4000 7
4001 8
4002 8
4003 8
4004 8
4005 8
4006 8
4007 9
4008 8
4009 8
4010 8
4011 8
4012 8
4013 9
4014 8
4015 8
4016 7
4017 8
4018 8
4019 9
4020 8
4021 8
4022 8
4023 8
4024 7
4025 8
4026 8
4027 8
4028 7
4029 8
4030 7
4031 7
4032 6
4033 7
4034 7
4035 8
4036 7
4037 8
4038 8
4039 8
4040 7
4041 8
4042 8
4043 9
4044 8
4045 8
4046 7
4047 8
4048 7
4049 8
4050 7
4051 8
4052 8
4053 8
4054 8
4055 8
4056 7
4057 8
4058 8
4059 8
4060 7
4061 8
4062 7
4063 7
4064 6
4065 7
4066 7
4067 8
4068 7
4069 8
4070 8
4071 8
4072 8
4073 9
4074 8
4075 8
4076 7
4077 8
4078 7
4079 7
4080 6
4081 7
4082 7
4083 8
4084 7
4085 8
4086 7
4087 7
4088 6
4089 7
4090 7
4091 7
4092 6
4093 7
4094 6
4095 6
4096 5
4097 6
4098 6
4099 7
4100 6
4101 7
4102 7
4103 7
4104 6
4105 7
4106 7
4107 7
4108 7
4109 8
4110 7
4111 7
4112 6
4113 7
4114 7
4115 8
4116 7
4117 8
4118 8
4119 9
4120 8
4121 8
4122 8
4123 8
4124 7
4125 8
4126 7
4127 7
4128 6
4129 7
4130 7
4131 8
4132 7
4133 8
4134 8
4135 9
4136 8
4137 9
4138 9
4139 9
4140 8
4141 8
4142 8
4143 8
4144 7
4145 8
4146 8
4147 8
4148 8
4149 8
4150 8
4151 8
4152 7
4153 8
4154 8
4155 8
4156 7
4157 8
4158 7
4159 7
4160 6
4161 7
4162 7
4163 8
4164 7
4165 8
4166 8
4167 8
4168 7
4169 8
4170 8
4171 8
4172 8
4173 8
4174 8
4175 8
4176 7
4177 8
4178 8
4179 9
4180 8
4181 8
4182 9
4183 9
4184 9
4185 8
4186 8
4187 8
4188 8
4189 8
4190 8
4191 8
4192 7
4193 8
4194 8
4195 8
4196 8
4197 9
4198 8
4199 8
4200 7
4201 8
4202 8
4203 8
4204 8
4205 7
4206 8
4207 8
4208 7
4209 7
4210 8
4211 8
4212 7
4213 8
4214 8
4215 8
4216 7
4217 7
4218 8
4219 8
4220 7
4221 7
4222 7
4223 7
4224 6
4225 6
4226 7
4227 7
4228 7
4229 7
4230 8
4231 8
4232 7
4233 7
4234 8
4235 8
4236 8
4237 8
4238 8
4239 8
4240 7
4241 7
4242 8
4243 8
4244 8
4245 8
4246 9
4247 9
4248 8
4249 9
4250 8
4251 8
4252 8
4253 9
4254 8
4255 9
4256 8
4257 8
4258 8
4259 8
4260 8
4261 9
4262 9
4263 8
4264 9
4265 9
4266 8
4267 8
4268 8
4269 9
4270 8
4271 8
4272 8
4273 8
4274 8
4275 7
4276 8
4277 8
4278 8
4279 8
4280 8
4281 8
4282 8
4283 8
4284 7
4285 8
4286 8
4287 8
4288 7
4289 7
4290 7
4291 8
4292 7
4293 8
4294 8
4295 9
4296 8
4297 8
4298 8
4299 9
4300 8
4301 8
4302 8
4303 8
4304 8
4305 8
4306 8
4307 9
4308 8
4309 8
4310 9
4311 9
4312 8
4313 8
4314 8
4315 9
4316 8
4317 8
4318 7
4319 8
4320 7
4321 8
4322 8
4323 8
4324 8
4325 8
4326 8
4327 9
4328 8
4329 8
4330 8
4331 8
4332 7
4333 8
4334 8
4335 7
4336 7
4337 8
4338 8
4339 8
4340 7
4341 8
4342 8
4343 8
4344 7
4345 8
4346 8
4347 8
4348 7
4349 8
4350 7
4351 7
4352 6
4353 7
4354 7
4355 7
4356 6
4357 7
4358 7
4359 8
4360 7
4361 8
4362 8
4363 8
4364 7
4365 8
4366 8
4367 8
4368 7
4369 7
4370 8
4371 8
4372 7
4373 8
4374 7
4375 7
4376 8
4377 8
4378 8
4379 8
4380 8
4381 8
4382 8
4383 8
4384 7
4385 8
4386 7
4387 8
4388 8
4389 8
4390 8
4391 8
4392 8
4393 9
4394 8
4395 8
4396 8
4397 8
4398 8
4399 8
4400 7
4401 8
4402 8
4403 8
4404 8
4405 9
4406 8
4407 8
4408 8
4409 8
4410 7
4411 8
4412 8
4413 8
4414 8
4415 8
4416 7
4417 8
4418 8
4419 8
4420 7
4421 8
4422 7
4423 8
4424 8
4425 8
4426 8
4427 9
4428 8
4429 9
4430 8
4431 9
4432 8
4433 8
4434 9
4435 9
4436 8
4437 8
4438 8
4439 9
4440 8
4441 9
4442 9
4443 9
4444 9
4445 9
4446 8
4447 9
4448 8
4449 9
4450 8
4451 9
4452 8
4453 8
4454 8
4455 8
4456 8
4457 9
4458 9
4459 8
4460 8
4461 9
4462 8
4463 8
4464 7
4465 8
4466 8
4467 9
4468 8
4469 8
4470 8
4471 8
4472 8
4473 7
4474 8
4475 8
4476 8
4477 8
4478 8
4479 8
4480 7
4481 8
4482 8
4483 8
4484 8
4485 7
4486 8
4487 8
4488 7
4489 7
4490 8
4491 8
4492 8
4493 8
4494 8
4495 8
4496 8
4497 8
4498 8
4499 8
4500 7
4501 8
4502 8
4503 8
4504 8
4505 8
4506 8
4507 9
4508 8
4509 9
4510 8
4511 9
4512 8
4513 9
4514 9
4515 8
4516 8
4517 9
4518 8
4519 9
4520 8
4521 8
4522 8
4523 9
4524 8
4525 8
4526 8
4527 8
4528 8
4529 8
4530 8
4531 9
4532 8
4533 8
4534 8
4535 8
4536 7
4537 8
4538 8
4539 8
4540 8
4541 8
4542 8
4543 8
4544 7
4545 8
4546 8
4547 9
4548 8
4549 8
4550 8
4551 8
4552 8
4553 8
4554 8
4555 8
4556 7
4557 8
4558 8
4559 8
4560 7
4561 8
4562 8
4563 7
4564 8
4565 8
4566 8
4567 9
4568 8
4569 8
4570 8
4571 8
4572 7
4573 8
4574 8
4575 8
4576 7
4577 8
4578 8
4579 8
4580 8
4581 8
4582 9
4583 9
4584 8
4585 9
4586 8
4587 9
4588 8
4589 8
4590 7
4591 8
4592 7
4593 8
4594 8
4595 9
4596 8
4597 9
4598 8
4599 8
4600 7
4601 8
4602 8
4603 8
4604 7
4605 8
4606 7
4607 7
4608 6
4609 7
4610 7
4611 8
4612 7
4613 8
4614 8
4615 8
4616 7
4617 8
4618 8
4619 8
4620 7
4621 8
4622 7
4623 7
4624 6
4625 7
4626 7
4627 8
4628 7
4629 8
4630 8
4631 8
4632 7
4633 8
4634 8
4635 8
4636 8
4637 8
4638 8
4639 8
4640 7
4641 7
4642 8
4643 8
4644 7
4645 8
4646 8
4647 9
4648 8
4649 9
4650 8
4651 9
4652 8
4653 8
4654 8
4655 8
4656 7
4657 8
4658 7
4659 8
4660 8
4661 8
4662 8
4663 8
4664 8
4665 9
4666 9
4667 9
4668 8
4669 8
4670 8
4671 8
4672 7
4673 8
4674 8
4675 8
4676 8
4677 9
4678 8
4679 8
4680 7
4681 8
4682 8
4683 8
4684 8
4685 9
4686 8
4687 8
4688 7
4689 8
4690 8
4691 8
4692 7
4693 8
4694 8
4695 9
4696 8
4697 8
4698 8
4699 9
4700 8
4701 9
4702 8
4703 8
4704 7
4705 8
4706 8
4707 9
4708 8
4709 8
4710 8
4711 8
4712 8
4713 9
4714 9
4715 9
4716 8
4717 9
4718 8
4719 8
4720 7
4721 8
4722 8
4723 9
4724 8
4725 8
4726 8
4727 9
4728 8
4729 9
4730 9
4731 9
4732 8
4733 9
4734 8
4735 8
4736 7
4737 8
4738 8
4739 9
4740 8
4741 8
4742 9
4743 8
4744 8
4745 7
4746 8
4747 8
4748 8
4749 8
4750 8
4751 8
4752 7
4753 8
4754 8
4755 8
4756 8
4757 8
4758 8
4759 8
4760 7
4761 7
4762 8
4763 8
4764 8
4765 8
4766 8
4767 8
4768 8
4769 8
4770 8
4771 9
4772 8
4773 8
4774 8
4775 9
4776 8
4777 8
4778 8
4779 8
4780 8
4781 9
4782 9
4783 9
4784 8
4785 8
4786 8
4787 9
4788 8
4789 9
4790 8
4791 8
4792 8
4793 8
4794 8
4795 8
4796 8
4797 8
4798 8
4799 8
4800 7
4801 8
4802 7
4803 8
4804 8
4805 8
4806 8
4807 8
4808 8
4809 8
4810 8
4811 8
4812 8
4813 9
4814 8
4815 8
4816 8
4817 9
4818 8
4819 8
4820 8
4821 8
4822 9
4823 9
4824 8
4825 8
4826 8
4827 9
4828 8
4829 8
4830 8
4831 9
4832 8
4833 8
4834 8
4835 8
4836 7
4837 8
4838 8
4839 8
4840 8
4841 8
4842 8
4843 8
4844 8
4845 7
4846 8
4847 8
4848 8
4849 8
4850 8
4851 8
4852 8
4853 9
4854 8
4855 8
4856 8
4857 8
4858 8
4859 8
4860 7
4861 8
4862 8
4863 8
4864 7
4865 8
4866 8
4867 8
4868 8
4869 8
4870 9
4871 9
4872 8
4873 9
4874 9
4875 8
4876 8
4877 8
4878 8
4879 7
4880 7
4881 8
4882 8
4883 8
4884 7
4885 8
4886 8
4887 8
4888 8
4889 8
4890 8
4891 8
4892 8
4893 8
4894 8
4895 8
4896 7
4897 7
4898 8
4899 8
4900 7
4901 8
4902 8
4903 8
4904 8
4905 8
4906 8
4907 8
4908 8
4909 7
4910 8
4911 7
4912 7
4913 6
4914 7
4915 7
4916 8
4917 7
4918 8
4919 8
4920 8
4921 8
4922 8
4923 9
4924 8
4925 8
4926 8
4927 8
4928 7
4929 7
4930 7
4931 8
4932 7
4933 8
4934 8
4935 8
4936 8
4937 9
4938 9
4939 9
4940 8
4941 8
4942 9
4943 8
4944 8
4945 8
4946 8
4947 7
4948 8
4949 8
4950 8
4951 8
4952 9
4953 9
4954 9
4955 9
4956 8
4957 9
4958 8
4959 8
4960 7
4961 8
4962 8
4963 8
4964 8
4965 8
4966 8
4967 8
4968 7
4969 8
4970 8
4971 8
4972 8
4973 8
4974 8
4975 8
4976 8
4977 7
4978 8
4979 8
4980 8
4981 7
4982 8
4983 8
4984 8
4985 8
4986 9
4987 9
4988 8
4989 9
4990 8
4991 8
4992 7
4993 8
4994 8
4995 8
4996 8
4997 8
4998 8
4999 8
5000 7
5001 8
5002 8
5003 8
5004 8
5005 8
5006 8
5007 9
5008 8
5009 9
5010 8
5011 9
5012 9
5013 9
5014 9
5015 8
5016 8
5017 9
5018 9
5019 8
5020 8
5021 9
5022 8
5023 8
5024 8
5025 8
5026 9
5027 9
5028 8
5029 8
5030 8
5031 8
5032 8
5033 8
5034 8
5035 8
5036 8
5037 8
5038 8
5039 8
5040 7
5041 7
5042 8
5043 8
5044 8
5045 8
5046 8
5047 8
5048 8
5049 8
5050 8
5051 8
5052 8
5053 8
5054 8
5055 8
5056 7
5057 8
5058 8
5059 8
5060 8
5061 9
5062 9
5063 9
5064 8
5065 9
5066 8
5067 9
5068 8
5069 9
5070 8
5071 8
5072 8
5073 9
5074 9
5075 8
5076 8
5077 8
5078 8
5079 8
5080 7
5081 8
5082 8
5083 9
5084 8
5085 8
5086 8
5087 8
5088 7
5089 8
5090 8
5091 9
5092 8
5093 9
5094 8
5095 8
5096 8
5097 9
5098 8
5099 8
5100 7
5101 8
5102 8
5103 7
5104 7
5105 8
5106 8
5107 9
5108 8
5109 8
5110 8
5111 8
5112 7
5113 8
5114 8
5115 8
5116 7
5117 8
5118 7
5119 7
5120 6
5121 7
5122 7
5123 8
5124 7
5125 8
5126 8
5127 9
5128 8
5129 9
5130 8
5131 9
5132 8
5133 9
5134 8
5135 8
5136 7
5137 8
5138 8
5139 8
5140 7
5141 8
5142 8
5143 9
5144 8
5145 8
5146 8
5147 8
5148 7
5149 8
5150 8
5151 8
5152 7
5153 8
5154 8
5155 9
5156 8
5157 8
5158 8
5159 8
5160 7
5161 8
5162 8
5163 9
5164 8
5165 8
5166 7
5167 8
5168 7
5169 8
5170 8
5171 8
5172 7
5173 8
5174 8
5175 7
5176 7
5177 8
5178 7
5179 8
5180 7
5181 7
5182 7
5183 7
5184 6
5185 7
5186 7
5187 7
5188 7
5189 8
5190 7
5191 8
5192 7
5193 7
5194 8
5195 8
5196 7
5197 8
5198 8
5199 8
5200 7
5201 8
5202 7
5203 8
5204 8
5205 8
5206 8
5207 8
5208 7
5209 8
5210 8
5211 8
5212 8
5213 9
5214 8
5215 8
5216 7
5217 8
5218 8
5219 8
5220 7
5221 8
5222 8
5223 8
5224 8
5225 8
5226 8
5227 9
5228 8
5229 8
5230 8
5231 9
5232 8
5233 9
5234 8
5235 8
5236 8
5237 9
5238 8
5239 8
5240 8
5241 9
5242 9
5243 8
5244 8
5245 8
5246 8
5247 8
5248 7
5249 8
5250 7
5251 8
5252 8
5253 8
5254 8
5255 8
5256 7
5257 8
5258 8
5259 8
5260 8
5261 8
5262 8
5263 8
5264 8
5265 7
5266 8
5267 8
5268 8
5269 8
5270 8
5271 8
5272 8
5273 9
5274 8
5275 8
5276 8
5277 9
5278 8
5279 8
5280 7
5281 8
5282 8
5283 8
5284 8
5285 8
5286 8
5287 9
5288 9
5289 8
5290 8
5291 8
5292 7
5293 8
5294 8
5295 8
5296 8
5297 9
5298 8
5299 8
5300 8
5301 8
5302 8
5303 9
5304 8
5305 9
5306 9
5307 9
5308 8
5309 9
5310 8
5311 8
5312 8
5313 8
5314 8
5315 8
5316 8
5317 8
5318 9
5319 8
5320 8
5321 8
5322 8
5323 8
5324 7
5325 8
5326 8
5327 8
5328 7
5329 7
5330 8
5331 8
5332 8
5333 8
5334 8
5335 8
5336 8
5337 8
5338 8
5339 8
5340 8
5341 8
5342 9
5343 9
5344 8
5345 8
5346 8
5347 8
5348 8
5349 9
5350 9
5351 9
5352 8
5353 9
5354 8
5355 8
5356 8
5357 8
5358 9
5359 8
5360 8
5361 9
5362 9
5363 9
5364 8
5365 8
5366 8
5367 9
5368 8
5369 9
5370 8
5371 8
5372 8
5373 8
5374 8
5375 8
5376 7
5377 8
5378 8
5379 8
5380 8
5381 8
5382 7
5383 8
5384 8
5385 8
5386 9
5387 9
5388 8
5389 9
5390 8
5391 8
5392 8
5393 8
5394 8
5395 8
5396 8
5397 8
5398 8
5399 8
5400 7
5401 8
5402 8
5403 8
5404 8
5405 8
5406 8
5407 9
5408 8
5409 8
5410 8
5411 8
5412 7
5413 8
5414 8
5415 7
5416 8
5417 8
5418 8
5419 8
5420 8
5421 9
5422 8
5423 8
5424 8
5425 8
5426 9
5427 8
5428 8
5429 9
5430 8
5431 8
5432 8
5433 9
5434 8
5435 9
5436 8
5437 9
5438 8
5439 8
5440 7
5441 8
5442 8
5443 9
5444 8
5445 8
5446 8
5447 9
5448 8
5449 8
5450 8
5451 8
5452 8
5453 8
5454 8
5455 9
5456 8
5457 8
5458 8
5459 8
5460 8
5461 8
5462 9
5463 8
5464 8
5465 9
5466 8
5467 8
5468 8
5469 8
5470 8
5471 8
5472 7
5473 8
5474 8
5475 7
5476 7
5477 8
5478 8
5479 8
5480 8
5481 8
5482 8
5483 8
5484 8
5485 8
5486 8
5487 8
5488 7
5489 8
5490 8
5491 7
5492 8
5493 8
5494 8
5495 8
5496 8
5497 9
5498 9
5499 8
5500 8
5501 8
5502 8
5503 9
5504 8
5505 8
5506 8
5507 8
5508 7
5509 8
5510 8
5511 8
5512 8
5513 8
5514 8
5515 9
5516 8
5517 8
5518 8
5519 8
5520 7
5521 8
5522 8
5523 8
5524 8
5525 8
5526 8
5527 8
5528 8
5529 8
5530 7
5531 8
5532 8
5533 8
5534 9
5535 8
5536 8
5537 8
5538 8
5539 8
5540 8
5541 8
5542 8
5543 8
5544 7
5545 8
5546 8
5547 8
5548 8
5549 8
5550 7
5551 8
5552 8
5553 8
5554 9
5555 8
5556 9
5557 8
5558 9
5559 8
5560 8
5561 8
5562 8
5563 9
5564 9
5565 8
5566 8
5567 8
5568 8
5569 9
5570 9
5571 9
5572 8
5573 9
5574 9
5575 8
5576 8
5577 8
5578 9
5579 9
5580 8
5581 9
5582 9
5583 9
5584 8
5585 9
5586 8
5587 8
5588 8
5589 7
5590 8
5591 8
5592 8
5593 9
5594 9
5595 8
5596 8
5597 8
5598 8
5599 8
5600 7
5601 8
5602 8
5603 8
5604 8
5605 8
5606 9
5607 8
5608 8
5609 8
5610 7
5611 8
5612 8
5613 8
5614 8
5615 8
5616 7
5617 8
5618 8
5619 8
5620 7
5621 8
5622 7
5623 7
5624 7
5625 6
5626 7
5627 7
5628 7
5629 8
5630 7
5631 8
5632 7
5633 8
5634 8
5635 8
5636 8
5637 8
5638 8
5639 8
5640 7
5641 8
5642 8
5643 8
5644 8
5645 8
5646 9
5647 8
5648 8
5649 8
5650 7
5651 8
5652 8
5653 8
5654 8
5655 8
5656 8
5657 9
5658 8
5659 8
5660 8
5661 8
5662 9
5663 9
5664 8
5665 9
5666 9
5667 8
5668 8
5669 8
5670 7
5671 8
5672 8
5673 8
5674 9
5675 8
5676 8
5677 8
5678 8
5679 8
5680 7
5681 8
5682 8
5683 8
5684 8
5685 8
5686 8
5687 8
5688 7
5689 8
5690 8
5691 8
5692 9
5693 9
5694 8
5695 8
5696 8
5697 8
5698 8
5699 8
5700 7
5701 8
5702 8
5703 8
5704 8
5705 8
5706 8
5707 9
5708 8
5709 8
5710 8
5711 8
5712 7
5713 8
5714 8
5715 8
5716 8
5717 9
5718 8
5719 8
5720 8
5721 8
5722 8
5723 8
5724 7
5725 8
5726 8
5727 8
5728 8
5729 8
5730 8
5731 9
5732 9
5733 8
5734 9
5735 9
5736 8
5737 9
5738 8
5739 9
5740 8
5741 8
5742 8
5743 9
5744 8
5745 9
5746 8
5747 9
5748 8
5749 8
5750 8
5751 7
5752 8
5753 8
5754 8
5755 9
5756 8
5757 8
5758 8
5759 8
5760 7
5761 8
5762 8
5763 8
5764 8
5765 9
5766 8
5767 8
5768 8
5769 8
5770 8
5771 8
5772 8
5773 8
5774 8
5775 7
5776 7
5777 8
5778 7
5779 8
5780 7
5781 8
5782 8
5783 9
5784 8
5785 8
5786 8
5787 8
5788 8
5789 9
5790 8
5791 8
5792 8
5793 8
5794 8
5795 8
5796 7
5797 8
5798 8
5799 8
5800 8
5801 8
5802 8
5803 9
5804 9
5805 8
5806 9
5807 9
5808 8
5809 9
5810 8
5811 8
5812 8
5813 8
5814 7
5815 8
5816 7
5817 8
5818 8
5819 8
5820 8
5821 8
5822 8
5823 7
5824 8
5825 8
5826 7
5827 8
5828 7
5829 7
5830 7
5831 7
5832 6
5833 7
5834 7
5835 7
5836 7
5837 8
5838 7
5839 8
5840 8
5841 7
5842 8
5843 8
5844 8
5845 8
5846 8
5847 8
5848 7
5849 8
5850 7
5851 8
5852 8
5853 8
5854 8
5855 8
5856 8
5857 8
5858 9
5859 8
5860 8
5861 9
5862 8
5863 9
5864 8
5865 8
5866 8
5867 8
5868 7
5869 8
5870 8
5871 8
5872 8
5873 9
5874 8
5875 8
5876 8
5877 8
5878 8
5879 8
5880 7
5881 8
5882 8
5883 8
5884 8
5885 8
5886 7
5887 8
5888 8
5889 8
5890 9
5891 9
5892 8
5893 8
5894 8
5895 8
5896 8
5897 9
5898 9
5899 9
5900 8
5901 8
5902 8
5903 8
5904 7
5905 8
5906 8
5907 8
5908 8
5909 8
5910 8
5911 8
5912 8
5913 7
5914 8
5915 8
5916 8
5917 8
5918 8
5919 8
5920 8
5921 8
5922 8
5923 8
5924 8
5925 8
5926 8
5927 8
5928 7
5929 7
5930 8
5931 8
5932 8
5933 8
5934 8
5935 8
5936 8
5937 8
5938 8
5939 8
5940 7
5941 8
5942 8
5943 8
5944 8
5945 9
5946 8
5947 9
5948 9
5949 9
5950 8
5951 9
5952 8
5953 9
5954 8
5955 8
5956 9
5957 9
5958 8
5959 9
5960 8
5961 9
5962 9
5963 9
5964 8
5965 9
5966 9
5967 8
5968 8
5969 8
5970 8
5971 9
5972 9
5973 8
5974 8
5975 8
5976 7
5977 8
5978 8
5979 8
5980 8
5981 9
5982 9
5983 8
5984 8
5985 8
5986 7
5987 8
5988 8
5989 8
5990 8
5991 8
5992 8
5993 8
5994 7
5995 8
5996 8
5997 8
5998 8
5999 8
6000 7
6001 8
6002 8
6003 7
6004 7
6005 8
6006 7
6007 8
6008 8
6009 8
6010 8
6011 9
6012 8
6013 8
6014 8
6015 8
6016 8
6017 9
6018 9
6019 9
6020 8
6021 8
6022 8
6023 9
6024 8
6025 8
6026 9
6027 8
6028 8
6029 9
6030 8
6031 9
6032 8
6033 9
6034 9
6035 8
6036 8
6037 9
6038 9
6039 8
6040 8
6041 9
6042 8
6043 9
6044 8
6045 8
6046 8
6047 8
6048 7
6049 8
6050 8
6051 8
6052 8
6053 8
6054 8
6055 8
6056 8
6057 8
6058 8
6059 8
6060 8
6061 8
6062 9
6063 9
6064 8
6065 8
6066 8
6067 8
6068 8
6069 7
6070 8
6071 8
6072 8
6073 8
6074 8
6075 7
6076 8
6077 8
6078 8
6079 8
6080 7
6081 7
6082 7
6083 7
6084 6
6085 7
6086 7
6087 7
6088 8
6089 8
6090 8
6091 8
6092 8
6093 7
6094 8
6095 8
6096 8
6097 8
6098 8
6099 8
6100 8
6101 9
6102 8
6103 8
6104 8
6105 8
6106 9
6107 9
6108 8
6109 8
6110 8
6111 8
6112 8
6113 9
6114 9
6115 8
6116 8
6117 9
6118 8
6119 8
6120 7
6121 8
6122 8
6123 8
6124 8
6125 7
6126 8
6127 8
6128 8
6129 8
6130 8
6131 9
6132 8
6133 8
6134 9
6135 8
6136 8
6137 7
6138 8
6139 8
6140 8
6141 8
6142 7
6143 8
6144 7
6145 8
6146 8
6147 8
6148 8
6149 9
6150 8
6151 8
6152 8
6153 8
6154 8
6155 8
6156 7
6157 8
6158 8
6159 8
6160 7
6161 8
6162 7
6163 8
6164 8
6165 7
6166 8
6167 8
6168 8
6169 8
6170 9
6171 8
6172 8
6173 9
6174 8
6175 8
6176 8
6177 8
6178 8
6179 9
6180 8
6181 9
6182 9
6183 9
6184 9
6185 9
6186 9
6187 9
6188 8
6189 9
6190 9
6191 9
6192 8
6193 9
6194 8
6195 8
6196 9
6197 9
6198 9
6199 9
6200 8
6201 9
6202 9
6203 9
6204 9
6205 8
6206 8
6207 9
6208 8
6209 9
6210 8
6211 9
6212 9
6213 8
6214 8
6215 9
6216 8
6217 9
6218 9
6219 8
6220 8
6221 8
6222 9
6223 8
6224 8
6225 8
6226 8
6227 9
6228 8
6229 8
6230 8
6231 8
6232 7
6233 8
6234 8
6235 8
6236 8
6237 7
6238 7
6239 7
6240 7
6241 6
6242 7
6243 7
6244 7
6245 8
6246 8
6247 8
6248 8
6249 8
6250 7
6251 8
6252 8
6253 8
6254 8
6255 8
6256 8
6257 8
6258 8
6259 8
6260 8
6261 8
6262 9
6263 9
6264 8
6265 8
6266 8
6267 9
6268 8
6269 9
6270 8
6271 8
6272 7
6273 8
6274 8
6275 8
6276 8
6277 9
6278 9
6279 8
6280 8
6281 9
6282 9
6283 9
6284 9
6285 9
6286 8
6287 9
6288 8
6289 9
6290 8
6291 8
6292 8
6293 9
6294 9
6295 9
6296 9
6297 8
6298 8
6299 8
6300 7
6301 8
6302 8
6303 8
6304 8
6305 8
6306 8
6307 8
6308 8
6309 7
6310 8
6311 8
6312 8
6313 8
6314 8
6315 7
6316 7
6317 7
6318 6
6319 7
6320 7
6321 7
6322 7
6323 8
6324 8
6325 8
6326 8
6327 7
6328 8
6329 8
6330 8
6331 8
6332 8
6333 9
6334 8
6335 8
6336 7
6337 8
6338 8
6339 9
6340 8
6341 8
6342 9
6343 9
6344 8
6345 8
6346 9
6347 9
6348 8
6349 9
6350 8
6351 9
6352 8
6353 9
6354 8
6355 9
6356 8
6357 9
6358 8
6359 8
6360 7
6361 8
6362 8
6363 8
6364 8
6365 9
6366 8
6367 8
6368 7
6369 8
6370 8
6371 9
6372 8
6373 8
6374 9
6375 8
6376 8
6377 9
6378 8
6379 8
6380 7
6381 8
6382 8
6383 8
6384 7
6385 8
6386 8
6387 8
6388 8
6389 8
6390 7
6391 7
6392 7
6393 8
6394 8
6395 7
6396 7
6397 7
6398 7
6399 6
6400 6
6401 7
6402 7
6403 7
6404 7
6405 7
6406 8
6407 8
6408 7
6409 7
6410 7
6411 8
6412 8
6413 9
6414 8
6415 8
6416 7
6417 8
6418 8
6419 8
6420 7
6421 8
6422 8
6423 9
6424 8
6425 8
6426 8
6427 8
6428 8
6429 9
6430 8
6431 8
6432 7
6433 8
6434 8
6435 8
6436 8
6437 9
6438 8
6439 8
6440 7
6441 8
6442 8
6443 9
6444 8
6445 9
6446 9
6447 9
6448 8
6449 9
6450 8
6451 9
6452 8
6453 8
6454 9
6455 8
6456 8
6457 9
6458 9
6459 9
6460 8
6461 8
6462 8
6463 8
6464 7
6465 8
6466 8
6467 9
6468 8
6469 8
6470 8
6471 7
6472 8
6473 8
6474 7
6475 8
6476 8
6477 7
6478 7
6479 7
6480 6
6481 7
6482 7
6483 7
6484 8
6485 8
6486 8
6487 8
6488 8
6489 7
6490 8
6491 8
6492 8
6493 9
6494 8
6495 8
6496 8
6497 8
6498 7
6499 8
6500 8
6501 8
6502 8
6503 9
6504 8
6505 8
6506 8
6507 7
6508 8
6509 8
6510 8
6511 8
6512 8
6513 9
6514 8
6515 9
6516 8
6517 8
6518 9
6519 9
6520 8
6521 9
6522 8
6523 9
6524 8
6525 8
6526 9
6527 9
6528 8
6529 8
6530 9
6531 8
6532 8
6533 8
6534 7
6535 8
6536 8
6537 8
6538 9
6539 8
6540 8
6541 8
6542 8
6543 7
6544 8
6545 8
6546 8
6547 8
6548 8
6549 7
6550 7
6551 7
6552 6
6553 7
6554 7
6555 7
6556 7
6557 7
6558 6
6559 6
6560 6
6561 5
6562 6
6563 6
6564 6
6565 7
6566 7
6567 7
6568 7
6569 7
6570 6
6571 7
6572 7
6573 7
6574 8
6575 8
6576 8
6577 8
6578 8
6579 7
6580 8
6581 8
6582 8
6583 8
6584 9
6585 8
6586 8
6587 8
6588 7
6589 8
6590 8
6591 8
6592 8
6593 8
6594 8
6595 9
6596 9
6597 8
6598 9
6599 9
6600 8
6601 9
6602 9
6603 9
6604 9
6605 9
6606 8
6607 9
6608 8
6609 9
6610 8
6611 9
6612 8
6613 8
6614 8
6615 7
6616 8
6617 8
6618 8
6619 9
6620 9
6621 9
6622 8
6623 8
6624 8
6625 8
6626 8
6627 8
6628 9
6629 9
6630 8
6631 8
6632 8
6633 7
6634 8
6635 8
6636 7
6637 8
6638 8
6639 7
6640 7
6641 7
6642 6
6643 7
6644 7
6645 7
6646 8
6647 8
6648 8
6649 8
6650 8
6651 7
6652 8
6653 8
6654 8
6655 8
6656 7
6657 8
6658 8
6659 9
6660 8
6661 8
6662 9
6663 9
6664 8
6665 9
6666 9
6667 9
6668 9
6669 8
6670 9
6671 9
6672 8
6673 9
6674 9
6675 8
6676 8
6677 9
6678 8
6679 9
6680 8
6681 9
6682 8
6683 9
6684 9
6685 9
6686 9
6687 9
6688 8
6689 9
6690 8
6691 9
6692 8
6693 9
6694 9
6695 9
6696 8
6697 8
6698 9
6699 8
6700 8
6701 9
6702 9
6703 9
6704 8
6705 8
6706 8
6707 9
6708 8
6709 9
6710 8
6711 8
6712 8
6713 8
6714 7
6715 7
6716 8
6717 8
6718 8
6719 8
6720 7
6721 7
6722 7
6723 6
6724 6
6725 7
6726 7
6727 7
6728 8
6729 8
6730 8
6731 8
6732 7
6733 7
6734 8
6735 8
6736 8
6737 9
6738 9
6739 9
6740 8
6741 8
6742 8
6743 9
6744 8
6745 8
6746 8
6747 8
6748 8
6749 8
6750 7
6751 8
6752 8
6753 8
6754 8
6755 8
6756 8
6757 9
6758 8
6759 9
6760 8
6761 9
6762 8
6763 9
6764 8
6765 8
6766 8
6767 9
6768 8
6769 9
6770 9
6771 9
6772 9
6773 9
6774 9
6775 9
6776 8
6777 8
6778 9
6779 9
6780 8
6781 9
6782 8
6783 8
6784 8
6785 8
6786 7
6787 8
6788 8
6789 8
6790 8
6791 9
6792 8
6793 8
6794 8
6795 7
6796 8
6797 8
6798 8
6799 8
6800 7
6801 7
6802 7
6803 7
6804 6
6805 7
6806 7
6807 7
6808 7
6809 8
6810 8
6811 8
6812 8
6813 7
6814 8
6815 8
6816 8
6817 8
6818 9
6819 9
6820 8
6821 8
6822 8
6823 9
6824 9
6825 8
6826 9
6827 9
6828 9
6829 9
6830 9
6831 8
6832 8
6833 9
6834 8
6835 9
6836 9
6837 9
6838 9
6839 8
6840 8
6841 8
6842 8
6843 8
6844 8
6845 8
6846 8
6847 9
6848 8
6849 8
6850 8
6851 8
6852 9
6853 8
6854 8
6855 8
6856 8
6857 8
6858 8
6859 7
6860 8
6861 8
6862 8
6863 8
6864 8
6865 8
6866 9
6867 8
6868 8
6869 8
6870 8
6871 8
6872 9
6873 8
6874 8
6875 8
6876 8
6877 8
6878 8
6879 8
6880 7
6881 8
6882 8
6883 8
6884 8
6885 7
6886 7
6887 7
6888 7
6889 6
6890 7
6891 7
6892 7
6893 8
6894 8
6895 8
6896 8
6897 8
6898 7
6899 8
6900 8
6901 8
6902 8
6903 8
6904 8
6905 9
6906 8
6907 8
6908 8
6909 8
6910 8
6911 8
6912 7
6913 8
6914 8
6915 8
6916 8
6917 9
6918 8
6919 9
6920 8
6921 8
6922 9
6923 9
6924 8
6925 9
6926 9
6927 9
6928 8
6929 9
6930 8
6931 9
6932 8
6933 8
6934 8
6935 8
6936 7
6937 8
6938 8
6939 8
6940 8
6941 9
6942 8
6943 8
6944 8
6945 8
6946 9
6947 9
6948 8
6949 8
6950 8
6951 8
6952 7
6953 8
6954 8
6955 8
6956 9
6957 8
6958 8
6959 8
6960 8
6961 8
6962 8
6963 8
6964 8
6965 8
6966 7
6967 8
6968 8
6969 8
6970 7
6971 8
6972 7
6973 8
6974 8
6975 7
6976 8
6977 8
6978 8
6979 8
6980 9
6981 8
6982 9
6983 9
6984 8
6985 8
6986 9
6987 9
6988 8
6989 8
6990 8
6991 8
6992 8
6993 8
6994 8
6995 9
6996 8
6997 9
6998 9
6999 9
7000 8
7001 9
7002 9
7003 9
7004 8
7005 8
7006 8
7007 8
7008 8
7009 9
7010 9
7011 8
7012 9
7013 9
7014 8
7015 9
7016 9
7017 8
7018 8
7019 8
7020 7
7021 8
7022 8
7023 8
7024 8
7025 8
7026 9
7027 9
7028 8
7029 8
7030 8
7031 8
7032 8
7033 8
7034 9
7035 8
7036 8
7037 8
7038 8
7039 8
7040 7
7041 8
7042 8
7043 9
7044 8
7045 8
7046 8
7047 7
7048 8
7049 8
7050 8
7051 8
7052 8
7053 7
7054 7
7055 7
7056 6
7057 7
7058 7
7059 7
7060 8
7061 8
7062 8
7063 8
7064 8
7065 7
7066 8
7067 8
7068 8
7069 9
7070 8
7071 9
7072 8
7073 8
7074 8
7075 9
7076 8
7077 8
7078 9
7079 9
7080 8
7081 8
7082 9
7083 8
7084 8
7085 9
7086 9
7087 9
7088 8
7089 8
7090 9
7091 9
7092 8
7093 9
7094 9
7095 8
7096 9
7097 9
7098 8
7099 8
7100 8
7101 8
7102 9
7103 9
7104 8
7105 8
7106 8
7107 8
7108 8
7109 8
7110 7
7111 8
7112 8
7113 8
7114 9
7115 9
7116 8
7117 8
7118 8
7119 8
7120 7
7121 8
7122 8
7123 8
7124 8
7125 8
7126 8
7127 8
7128 7
7129 8
7130 8
7131 8
7132 8
7133 9
7134 8
7135 8
7136 8
7137 7
7138 7
7139 8
7140 7
7141 8
7142 8
7143 8
7144 8
7145 8
7146 8
7147 8
7148 9
7149 8
7150 8
7151 9
7152 8
7153 9
7154 8
7155 9
7156 8
7157 8
7158 9
7159 9
7160 8
7161 8
7162 9
7163 8
7164 8
7165 9
7166 8
7167 8
7168 7
7169 8
7170 8
7171 9
7172 8
7173 9
7174 9
7175 8
7176 8
7177 9
7178 9
7179 9
7180 8
7181 9
7182 8
7183 9
7184 8
7185 8
7186 9
7187 9
7188 8
7189 8
7190 8
7191 8
7192 8
7193 9
7194 8
7195 8
7196 8
7197 8
7198 8
7199 8
7200 7
7201 8
7202 8
7203 7
7204 8
7205 8
7206 8
7207 8
7208 8
7209 7
7210 8
7211 8
7212 8
7213 8
7214 9
7215 8
7216 8
7217 8
7218 8
7219 8
7220 7
7221 8
7222 8
7223 8
7224 7
7225 7
7226 8
7227 8
7228 8
7229 8
7230 8
7231 9
7232 8
7233 8
7234 8
7235 9
7236 8
7237 9
7238 9
7239 8
7240 8
7241 8
7242 8
7243 9
7244 9
7245 8
7246 9
7247 9
7248 9
7249 9
7250 8
7251 9
7252 8
7253 9
7254 8
7255 9
7256 9
7257 8
7258 8
7259 9
7260 8
7261 9
7262 9
7263 8
7264 8
7265 9
7266 9
7267 9
7268 8
7269 9
7270 8
7271 9
7272 8
7273 9
7274 9
7275 8
7276 8
7277 9
7278 8
7279 8
7280 8
7281 7
7282 8
7283 8
7284 8
7285 8
7286 8
7287 7
7288 7
7289 7
7290 6
7291 7
7292 7
7293 7
7294 8
7295 8
7296 8
7297 8
7298 8
7299 7
7300 8
7301 8
7302 8
7303 9
7304 8
7305 8
7306 8
7307 8
7308 7
7309 8
7310 8
7311 8
7312 8
7313 8
7314 8
7315 8
7316 8
7317 8
7318 9
7319 9
7320 8
7321 9
7322 9
7323 9
7324 9
7325 9
7326 8
7327 9
7328 8
7329 9
7330 9
7331 9
7332 8
7333 9
7334 9
7335 9
7336 9
7337 9
7338 8
7339 9
7340 8
7341 8
7342 8
7343 8
7344 7
7345 8
7346 8
7347 8
7348 8
7349 8
7350 7
7351 8
7352 8
7353 8
7354 8
7355 9
7356 8
7357 9
7358 9
7359 8
7360 8
7361 8
7362 8
7363 9
7364 8
7365 9
7366 9
7367 9
7368 8
7369 8
7370 8
7371 7
7372 8
7373 8
7374 8
7375 9
7376 8
7377 8
7378 8
7379 8
7380 7
7381 8
7382 8
7383 8
7384 9
7385 8
7386 8
7387 8
7388 9
7389 8
7390 8
7391 8
7392 8
7393 8
7394 8
7395 8
7396 7
7397 8
7398 8
7399 8
7400 8
7401 8
7402 9
7403 9
7404 9
7405 8
7406 8
7407 9
7408 8
7409 8
7410 8
7411 9
7412 8
7413 8
7414 9
7415 9
7416 8
7417 9
7418 9
7419 9
7420 8
7421 9
7422 9
7423 9
7424 8
7425 8
7426 8
7427 9
7428 9
7429 8
7430 9
7431 9
7432 8
7433 9
7434 8
7435 9
7436 8
7437 9
7438 8
7439 8
7440 7
7441 8
7442 8
7443 8
7444 8
7445 9
7446 8
7447 9
7448 8
7449 8
7450 8
7451 8
7452 7
7453 8
7454 8
7455 8
7456 8
7457 9
7458 9
7459 8
7460 8
7461 8
7462 7
7463 8
7464 8
7465 8
7466 9
7467 8
7468 8
7469 8
7470 7
7471 8
7472 8
7473 8
7474 9
7475 8
7476 8
7477 8
7478 9
7479 8
7480 8
7481 8
7482 8
7483 9
7484 9
7485 8
7486 9
7487 9
7488 8
7489 9
7490 8
7491 8
7492 9
7493 8
7494 8
7495 8
7496 8
7497 7
7498 8
7499 8
7500 7
7501 8
7502 8
7503 8
7504 8
7505 8
7506 8
7507 9
7508 9
7509 8
7510 8
7511 8
7512 9
7513 8
7514 8
7515 8
7516 9
7517 9
7518 8
7519 9
7520 8
7521 8
7522 9
7523 9
7524 8
7525 8
7526 8
7527 9
7528 9
7529 9
7530 8
7531 8
7532 8
7533 7
7534 8
7535 8
7536 8
7537 9
7538 9
7539 8
7540 8
7541 9
7542 8
7543 8
7544 8
7545 8
7546 8
7547 9
7548 8
7549 9
7550 8
7551 8
7552 8
7553 8
7554 8
7555 8
7556 8
7557 8
7558 8
7559 8
7560 7
7561 8
7562 8
7563 8
7564 8
7565 8
7566 8
7567 8
7568 8
7569 7
7570 8
7571 8
7572 8
7573 9
7574 9
7575 8
7576 9
7577 9
7578 8
7579 8
7580 8
7581 8
7582 9
7583 9
7584 8
7585 9
7586 9
7587 8
7588 8
7589 9
7590 9
7591 9
7592 9
7593 9
7594 9
7595 8
7596 8
7597 8
7598 8
7599 8
7600 7
7601 8
7602 8
7603 9
7604 8
7605 8
7606 9
7607 9
7608 9
7609 9
7610 9
7611 9
7612 8
7613 9
7614 8
7615 9
7616 8
7617 8
7618 8
7619 8
7620 8
7621 9
7622 9
7623 8
7624 8
7625 8
7626 8
7627 8
7628 8
7629 9
7630 8
7631 8
7632 7
7633 8
7634 8
7635 8
7636 7
7637 8
7638 8
7639 8
7640 8
7641 8
7642 9
7643 9
7644 8
7645 8
7646 9
7647 8
7648 8
7649 9
7650 8
7651 9
7652 9
7653 8
7654 8
7655 9
7656 8
7657 8
7658 9
7659 8
7660 8
7661 9
7662 8
7663 8
7664 8
7665 8
7666 8
7667 8
7668 7
7669 8
7670 8
7671 8
7672 8
7673 9
7674 8
7675 8
7676 8
7677 9
7678 8
7679 8
7680 7
7681 8
7682 8
7683 9
7684 8
7685 8
7686 8
7687 8
7688 7
7689 8
7690 8
7691 9
7692 8
7693 9
7694 8
7695 8
7696 8
7697 9
7698 8
7699 9
7700 8
7701 8
7702 8
7703 8
7704 7
7705 8
7706 8
7707 8
7708 8
7709 9
7710 8
7711 9
7712 8
7713 9
7714 9
7715 9
7716 8
7717 8
7718 9
7719 8
7720 8
7721 9
7722 8
7723 9
7724 8
7725 8
7726 8
7727 9
7728 8
7729 9
7730 9
7731 8
7732 8
7733 8
7734 8
7735 8
7736 8
7737 8
7738 8
7739 8
7740 7
7741 8
7742 8
7743 8
7744 7
7745 8
7746 8
7747 8
7748 8
7749 8
7750 8
7751 8
7752 7
7753 8
7754 8
7755 8
7756 8
7757 8
7758 7
7759 8
7760 8
7761 8
7762 8
7763 8
7764 7
7765 8
7766 8
7767 8
7768 8
7769 8
7770 7
7771 8
7772 7
7773 7
7774 7
7775 7
7776 6
7777 7
7778 7
7779 7
7780 7
7781 8
7782 7
7783 8
7784 8
7785 8
7786 8
7787 8
7788 7
7789 8
7790 8
7791 8
7792 8
7793 8
7794 7
7795 8
7796 8
7797 8
7798 8
7799 8
7800 7
7801 8
7802 8
7803 8
7804 8
7805 9
7806 8
7807 9
7808 8
7809 8
7810 8
7811 8
7812 7
7813 8
7814 8
7815 8
7816 8
7817 9
7818 8
7819 9
7820 8
7821 8
7822 9
7823 8
7824 8
7825 8
7826 8
7827 8
7828 8
7829 8
7830 7
7831 8
7832 8
7833 8
7834 8
7835 9
7836 8
7837 9
7838 9
7839 8
7840 8
7841 8
7842 8
7843 8
7844 8
7845 8
7846 8
7847 8
7848 7
7849 8
7850 8
7851 8
7852 8
7853 9
7854 8
7855 9
7856 9
7857 8
7858 9
7859 9
7860 8
7861 9
7862 9
7863 9
7864 9
7865 8
7866 8
7867 9
7868 9
7869 8
7870 9
7871 9
7872 8
7873 9
7874 8
7875 8
7876 8
7877 9
7878 8
7879 9
7880 8
7881 8
7882 8
7883 8
7884 7
7885 8
7886 8
7887 8
7888 8
7889 9
7890 8
7891 9
7892 9
7893 8
7894 9
7895 8
7896 8
7897 9
7898 8
7899 8
7900 7
7901 8
7902 8
7903 9
7904 8
7905 8
7906 8
7907 9
7908 9
7909 9
7910 8
7911 8
7912 8
7913 8
7914 8
7915 8
7916 8
7917 8
7918 8
7919 8
7920 7
7921 7
7922 8
7923 8
7924 8
7925 8
7926 8
7927 9
7928 8
7929 8
7930 8
7931 8
7932 8
7933 9
7934 8
7935 8
7936 7
7937 8
7938 7
7939 8
7940 8
7941 8
7942 8
7943 9
7944 8
7945 8
7946 8
7947 8
7948 9
7949 9
7950 8
7951 8
7952 8
7953 9
7954 8
7955 8
7956 8
7957 8
7958 8
7959 8
7960 7
7961 8
7962 8
7963 9
7964 8
7965 8
7966 8
7967 8
7968 8
7969 9
7970 8
7971 9
7972 9
7973 9
7974 8
7975 8
7976 8
7977 9
7978 8
7979 8
7980 7
7981 8
7982 8
7983 8
7984 7
7985 8
7986 8
7987 9
7988 8
7989 8
7990 8
7991 8
7992 7
7993 8
7994 8
7995 7
7996 7
7997 8
7998 7
7999 7
8000 6
8001 7
8002 7
8003 8
8004 7
8005 7
8006 8
8007 8
8008 8
8009 8
8010 7
8011 8
8012 8
8013 8
8014 8
8015 8
8016 7
8017 8
8018 8
8019 7
8020 7
8021 8
8022 8
8023 9
8024 8
8025 8
8026 9
8027 9
8028 8
8029 8
8030 8
8031 9
8032 8
8033 9
8034 8
8035 8
8036 8
8037 8
8038 8
8039 8
8040 7
8041 8
8042 8
8043 9
8044 8
8045 8
8046 8
8047 9
8048 8
8049 9
8050 8
8051 9
8052 8
8053 9
8054 9
8055 8
8056 8
8057 9
8058 9
8059 9
8060 8
8061 9
8062 8
8063 8
8064 7
8065 8
8066 8
8067 9
8068 8
8069 9
8070 8
8071 9
8072 8
8073 8
8074 9
8075 8
8076 8
8077 9
8078 8
8079 8
8080 7
8081 8
8082 8
8083 9
8084 8
8085 8
8086 9
8087 8
8088 8
8089 8
8090 7
8091 7
8092 8
8093 8
8094 8
8095 8
8096 8
8097 7
8098 7
8099 7
8100 6
8101 7
8102 7
8103 7
8104 8
8105 8
8106 8
8107 8
8108 8
8109 7
8110 7
8111 8
8112 8
8113 8
8114 9
8115 8
8116 8
8117 9
8118 8
8119 8
8120 8
8121 9
8122 9
8123 9
8124 8
8125 8
8126 8
8127 8
8128 7
8129 8
8130 8
8131 9
8132 8
8133 9
8134 9
8135 9
8136 8
8137 9
8138 9
8139 9
8140 8
8141 9
8142 9
8143 9
8144 8
8145 8
8146 9
8147 9
8148 8
8149 9
8150 9
8151 9
8152 8
8153 9
8154 9
8155 9
8156 8
8157 9
8158 8
8159 8
8160 7
8161 8
8162 8
8163 9
8164 8
8165 9
8166 9
8167 9
8168 8
8169 9
8170 8
8171 9
8172 8
8173 9
8174 8
8175 8
8176 7
8177 8
8178 8
8179 8
8180 8
8181 7
8182 8
8183 8
8184 7
8185 8
8186 8
8187 8
8188 7
8189 8
8190 7
8191 7
8192 6
8193 7
8194 7
8195 8
8196 7
8197 8
8198 8
8199 8
8200 7
8201 8
8202 8
8203 9
8204 8
8205 8
8206 8
8207 8
8208 7
8209 8
8210 8
8211 8
8212 8
8213 8
8214 7
8215 8
8216 8
8217 8
8218 8
8219 9
8220 8
8221 9
8222 8
8223 8
8224 7
8225 8
8226 8
8227 9
8228 8
8229 9
8230 9
8231 9
8232 8
8233 9
8234 9
8235 9
8236 9
8237 9
8238 8
8239 9
8240 8
8241 9
8242 9
8243 9
8244 8
8245 8
8246 8
8247 9
8248 8
8249 9
8250 8
8251 8
8252 8
8253 8
8254 8
8255 8
8256 7
8257 8
8258 8
8259 9
8260 8
8261 9
8262 8
8263 9
8264 8
8265 8
8266 9
8267 9
8268 8
8269 9
8270 8
8271 8
8272 8
8273 9
8274 8
8275 8
8276 9
8277 8
8278 8
8279 8
8280 7
8281 7
8282 8
8283 8
8284 8
8285 8
8286 9
8287 8
8288 8
8289 8
8290 8
8291 8
8292 9
8293 9
8294 8
8295 8
8296 9
8297 9
8298 9
8299 9
8300 8
8301 9
8302 9
8303 8
8304 8
8305 9
8306 9
8307 8
8308 8
8309 9
8310 9
8311 9
8312 8
8313 9
8314 9
8315 9
8316 8
8317 9
8318 8
8319 8
8320 7
8321 8
8322 8
8323 9
8324 8
8325 8
8326 9
8327 9
8328 8
8329 9
8330 8
8331 9
8332 9
8333 9
8334 9
8335 9
8336 8
8337 9
8338 9
8339 9
8340 8
8341 9
8342 8
8343 8
8344 9
8345 9
8346 8
8347 9
8348 9
8349 9
8350 9
8351 9
8352 8
8353 9
8354 9
8355 9
8356 9
8357 9
8358 8
8359 9
8360 8
8361 8
8362 8
8363 8
8364 8
8365 9
8366 9
8367 8
8368 8
8369 8
8370 7
8371 8
8372 8
8373 8
8374 8
8375 9
8376 9
8377 8
8378 9
8379 8
8380 8
8381 8
8382 8
8383 8
8384 8
8385 7
8386 8
8387 8
8388 8
8389 8
8390 9
8391 9
8392 9
8393 8
8394 9
8395 8
8396 8
8397 9
8398 8
8399 8
8400 7
8401 8
8402 8
8403 9
8404 8
8405 8
8406 8
8407 9
8408 9
8409 9
8410 8
8411 9
8412 8
8413 9
8414 8
8415 8
8416 8
8417 9
8418 8
8419 9
8420 8
8421 8
8422 8
8423 8
8424 7
8425 8
8426 8
8427 8
8428 8
8429 9
8430 8
8431 8
8432 8
8433 9
8434 8
8435 8
8436 8
8437 9
8438 9
8439 8
8440 8
8441 8
8442 8
8443 9
8444 8
8445 9
8446 8
8447 8
8448 7
8449 8
8450 7
8451 8
8452 8
8453 8
8454 8
8455 8
8456 8
8457 9
8458 8
8459 8
8460 8
8461 8
8462 8
8463 8
8464 7
8465 8
8466 8
8467 8
8468 8
8469 8
8470 8
8471 9
8472 8
8473 8
8474 8
8475 8
8476 8
8477 9
8478 9
8479 9
8480 8
8481 8
8482 8
8483 9
8484 8
8485 9
8486 9
8487 8
8488 8
8489 8
8490 9
8491 9
8492 9
8493 9
8494 9
8495 9
8496 8
8497 9
8498 9
8499 9
8500 8
8501 9
8502 8
8503 9
8504 9
8505 8
8506 9
8507 9
8508 9
8509 8
8510 9
8511 9
8512 8
8513 9
8514 8
8515 8
8516 8
8517 9
8518 9
8519 9
8520 9
8521 9
8522 9
8523 9
8524 9
8525 9
8526 8
8527 9
8528 9
8529 9
8530 9
8531 9
8532 8
8533 9
8534 9
8535 9
8536 8
8537 9
8538 9
8539 9
8540 8
8541 8
8542 9
8543 9
8544 8
8545 8
8546 9
8547 8
8548 9
8549 9
8550 8
8551 9
8552 9
8553 9
8554 8
8555 9
8556 8
8557 9
8558 9
8559 8
8560 8
8561 8
8562 9
8563 9
8564 8
8565 8
8566 9
8567 9
8568 8
8569 9
8570 8
8571 8
8572 8
8573 8
8574 8
8575 7
8576 8
8577 8
8578 8
8579 8
8580 7
8581 8
8582 8
8583 9
8584 8
8585 8
8586 8
8587 9
8588 8
8589 8
8590 9
8591 9
8592 9
8593 9
8594 9
8595 9
8596 8
8597 9
8598 9
8599 9
8600 8
8601 9
8602 9
8603 8
8604 8
8605 9
8606 9
8607 9
8608 9
8609 9
8610 8
8611 9
8612 9
8613 8
8614 9
8615 9
8616 8
8617 9
8618 9
8619 9
8620 9
8621 9
8622 9
8623 9
8624 8
8625 8
8626 8
8627 9
8628 8
8629 9
8630 9
8631 9
8632 8
8633 8
8634 8
8635 9
8636 8
8637 8
8638 8
8639 8
8640 7
8641 8
8642 8
8643 8
8644 8
8645 8
8646 8
8647 8
8648 8
8649 7
8650 8
8651 8
8652 8
8653 9
8654 9
8655 9
8656 8
8657 9
8658 8
8659 8
8660 8
8661 8
8662 8
8663 8
8664 7
8665 8
8666 8
8667 8
8668 8
8669 9
8670 8
8671 9
8672 8
8673 9
8674 9
8675 9
8676 8
8677 9
8678 9
8679 8
8680 8
8681 9
8682 8
8683 9
8684 9
8685 9
8686 8
8687 8
8688 8
8689 9
8690 8
8691 9
8692 9
8693 9
8694 8
8695 9
8696 8
8697 9
8698 9
8699 9
8700 8
8701 8
8702 8
8703 8
8704 7
8705 8
8706 8
8707 9
8708 8
8709 8
8710 8
8711 8
8712 7
8713 8
8714 8
8715 8
8716 8
8717 9
8718 9
8719 9
8720 8
8721 8
8722 8
8723 8
8724 8
8725 9
8726 9
8727 9
8728 8
8729 9
8730 8
8731 9
8732 9
8733 8
8734 8
8735 9
8736 8
8737 9
8738 8
8739 8
8740 8
8741 9
8742 8
8743 9
8744 8
8745 8
8746 8
8747 8
8748 7
8749 8
8750 8
8751 8
8752 9
8753 9
8754 8
8755 9
8756 8
8757 8
8758 9
8759 9
8760 8
8761 9
8762 9
8763 9
8764 9
8765 9
8766 8
8767 9
8768 8
8769 9
8770 9
8771 9
8772 8
8773 9
8774 9
8775 8
8776 8
8777 8
8778 8
8779 9
8780 8
8781 9
8782 9
8783 9
8784 8
8785 8
8786 9
8787 9
8788 8
8789 9
8790 9
8791 9
8792 9
8793 9
8794 9
8795 8
8796 8
8797 9
8798 8
8799 8
8800 7
8801 8
8802 8
8803 9
8804 8
8805 8
8806 9
8807 9
8808 8
8809 9
8810 9
8811 8
8812 8
8813 9
8814 9
8815 8
8816 8
8817 9
8818 8
8819 8
8820 7
8821 8
8822 8
8823 9
8824 8
8825 8
8826 8
8827 8
8828 8
8829 8
8830 8
8831 8
8832 7
8833 8
8834 8
8835 8
8836 7
8837 8
8838 8
8839 9
8840 8
8841 8
8842 8
8843 9
8844 8
8845 9
8846 8
8847 9
8848 8
8849 9
8850 8
8851 9
8852 8
8853 9
8854 9
8855 9
8856 8
8857 9
8858 9
8859 9
8860 8
8861 9
8862 8
8863 9
8864 9
8865 9
8866 9
8867 9
8868 9
8869 9
8870 9
8871 9
8872 9
8873 9
8874 9
8875 9
8876 9
8877 9
8878 9
8879 9
8880 8
8881 9
8882 9
8883 8
8884 9
8885 9
8886 9
8887 9
8888 8
8889 9
8890 9
8891 9
8892 8
8893 9
8894 9
8895 9
8896 8
8897 8
8898 9
8899 8
8900 8
8901 8
8902 9
8903 9
8904 8
8905 8
8906 9
8907 8
8908 8
8909 8
8910 7
8911 8
8912 8
8913 8
8914 9
8915 9
8916 9
8917 9
8918 8
8919 8
8920 8
8921 8
8922 9
8923 9
8924 8
8925 8
8926 9
8927 9
8928 8
8929 8
8930 8
8931 9
8932 8
8933 9
8934 9
8935 9
8936 8
8937 9
8938 8
8939 9
8940 8
8941 9
8942 8
8943 8
8944 8
8945 9
8946 8
8947 9
8948 9
8949 9
8950 8
8951 9
8952 9
8953 9
8954 9
8955 9
8956 9
8957 9
8958 9
8959 8
8960 8
8961 9
8962 9
8963 9
8964 8
8965 9
8966 9
8967 9
8968 8
8969 9
8970 8
8971 9
8972 8
8973 8
8974 8
8975 8
8976 7
8977 8
8978 8
8979 9
8980 8
8981 9
8982 8
8983 9
8984 8
8985 9
8986 9
8987 9
8988 8
8989 9
8990 8
8991 8
8992 8
8993 8
8994 8
8995 8
8996 8
8997 8
8998 8
8999 8
9000 7
9001 8
9002 8
9003 8
9004 8
9005 8
9006 8
9007 9
9008 8
9009 8
9010 8
9011 9
9012 8
9013 8
9014 9
9015 8
9016 8
9017 8
9018 8
9019 8
9020 8
9021 8
9022 8
9023 8
9024 7
9025 7
9026 8
9027 8
9028 8
9029 8
9030 8
9031 8
9032 8
9033 8
9034 9
9035 8
9036 8
9037 8
9038 9
9039 9
9040 8
9041 8
9042 8
9043 9
9044 8
9045 8
9046 9
9047 9
9048 8
9049 8
9050 8
9051 8
9052 9
9053 9
9054 8
9055 9
9056 9
9057 9
9058 8
9059 9
9060 8
9061 9
9062 9
9063 9
9064 8
9065 8
9066 8
9067 9
9068 8
9069 8
9070 8
9071 8
9072 7
9073 8
9074 8
9075 8
9076 8
9077 9
9078 8
9079 8
9080 9
9081 8
9082 9
9083 9
9084 8
9085 9
9086 8
9087 8
9088 8
9089 9
9090 8
9091 8
9092 9
9093 8
9094 9
9095 9
9096 8
9097 8
9098 8
9099 8
9100 7
9101 8
9102 8
9103 8
9104 8
9105 9
9106 9
9107 9
9108 8
9109 8
9110 8
9111 9
9112 8
9113 9
9114 8
9115 9
9116 8
9117 8
9118 8
9119 8
9120 7
9121 8
9122 8
9123 8
9124 8
9125 8
9126 7
9127 8
9128 8
9129 8
9130 8
9131 9
9132 8
9133 9
9134 9
9135 8
9136 8
9137 9
9138 8
9139 9
9140 8
9141 9
9142 9
9143 9
9144 8
9145 9
9146 9
9147 9
9148 9
9149 9
9150 8
9151 9
9152 8
9153 8
9154 9
9155 9
9156 8
9157 9
9158 9
9159 9
9160 9
9161 9
9162 8
9163 9
9164 9
9165 8
9166 9
9167 9
9168 8
9169 9
9170 9
9171 9
9172 9
9173 9
9174 9
9175 9
9176 9
9177 8
9178 9
9179 9
9180 8
9181 9
9182 9
9183 9
9184 8
9185 9
9186 8
9187 9
9188 8
9189 9
9190 8
9191 8
9192 7
9193 8
9194 8
9195 9
9196 8
9197 9
9198 8
9199 8
9200 7
9201 8
9202 8
9203 8
9204 7
9205 8
9206 8
9207 8
9208 7
9209 8
9210 7
9211 8
9212 7
9213 8
9214 7
9215 7
9216 6
9217 7
9218 7
9219 8
9220 7
9221 8
9222 7
9223 8
9224 7
9225 8
9226 8
9227 8
9228 7
9229 8
9230 8
9231 8
9232 7
9233 8
9234 8
9235 9
9236 8
9237 9
9238 8
9239 8
9240 7
9241 8
9242 8
9243 8
9244 8
9245 8
9246 8
9247 8
9248 7
9249 8
9250 8
9251 8
9252 8
9253 9
9254 8
9255 8
9256 8
9257 8
9258 8
9259 8
9260 8
9261 7
9262 8
9263 8
9264 8
9265 8
9266 8
9267 8
9268 8
9269 9
9270 8
9271 9
9272 9
9273 8
9274 9
9275 9
9276 9
9277 8
9278 8
9279 8
9280 8
9281 8
9282 8
9283 9
9284 8
9285 9
9286 8
9287 9
9288 8
9289 9
9290 9
9291 9
9292 8
9293 9
9294 9
9295 9
9296 8
9297 8
9298 9
9299 9
9300 8
9301 9
9302 9
9303 8
9304 8
9305 9
9306 8
9307 9
9308 8
9309 8
9310 8
9311 8
9312 7
9313 8
9314 8
9315 8
9316 8
9317 8
9318 8
9319 9
9320 8
9321 9
9322 9
9323 9
9324 8
9325 8
9326 9
9327 9
9328 8
9329 9
9330 8
9331 9
9332 9
9333 9
9334 9
9335 9
9336 8
9337 9
9338 9
9339 9
9340 9
9341 9
9342 8
9343 9
9344 8
9345 8
9346 9
9347 9
9348 8
9349 9
9350 8
9351 9
9352 8
9353 9
9354 9
9355 9
9356 9
9357 9
9358 9
9359 8
9360 8
9361 8
9362 9
9363 9
9364 9
9365 8
9366 8
9367 9
9368 9
9369 8
9370 8
9371 9
9372 8
9373 8
9374 8
9375 7
9376 8
9377 8
9378 8
9379 9
9380 8
9381 8
9382 9
9383 9
9384 8
9385 8
9386 9
9387 8
9388 9
9389 9
9390 8
9391 9
9392 8
9393 8
9394 8
9395 9
9396 8
9397 8
9398 8
9399 8
9400 7
9401 8
9402 8
9403 8
9404 8
9405 8
9406 8
9407 8
9408 7
9409 7
9410 8
9411 8
9412 8
9413 8
9414 8
9415 8
9416 8
9417 8
9418 8
9419 8
9420 8
9421 8
9422 9
9423 9
9424 8
9425 8
9426 9
9427 9
9428 9
9429 9
9430 9
9431 9
9432 8
9433 8
9434 9
9435 9
9436 8
9437 9
9438 8
9439 9
9440 8
9441 9
9442 9
9443 9
9444 9
9445 9
9446 9
9447 9
9448 9
9449 9
9450 8
9451 9
9452 9
9453 8
9454 9
9455 9
9456 8
9457 8
9458 9
9459 9
9460 9
9461 9
9462 9
9463 9
9464 8
9465 9
9466 9
9467 9
9468 8
9469 8
9470 9
9471 8
9472 8
9473 9
9474 9
9475 8
9476 8
9477 8
9478 9
9479 9
9480 8
9481 9
9482 9
9483 9
9484 9
9485 9
9486 8
9487 9
9488 9
9489 9
9490 8
9491 9
9492 9
9493 8
9494 8
9495 8
9496 8
9497 8
9498 8
9499 8
9500 7
9501 8
9502 8
9503 8
9504 7
9505 8
9506 8
9507 8
9508 8
9509 8
9510 8
9511 9
9512 9
9513 8
9514 8
9515 8
9516 9
9517 9
9518 9
9519 9
9520 8
9521 8
9522 8
9523 8
9524 9
9525 8
9526 9
9527 9
9528 9
9529 9
9530 9
9531 9
9532 9
9533 8
9534 9
9535 8
9536 8
9537 7
9538 8
9539 8
9540 8
9541 8
9542 9
9543 9
9544 9
9545 9
9546 8
9547 9
9548 9
9549 9
9550 9
9551 9
9552 8
9553 8
9554 8
9555 8
9556 9
9557 9
9558 8
9559 8
9560 8
9561 9
9562 9
9563 9
9564 8
9565 9
9566 9
9567 9
9568 8
9569 9
9570 8
9571 8
9572 8
9573 9
9574 9
9575 8
9576 8
9577 9
9578 9
9579 8
9580 8
9581 9
9582 9
9583 8
9584 8
9585 8
9586 9
9587 9
9588 8
9589 9
9590 8
9591 9
9592 8
9593 8
9594 8
9595 8
9596 8
9597 8
9598 8
9599 8
9600 7
9601 8
9602 8
9603 7
9604 7
9605 8
9606 8
9607 8
9608 8
9609 8
9610 8
9611 8
9612 8
9613 8
9614 8
9615 8
9616 8
9617 9
9618 8
9619 9
9620 8
9621 9
9622 9
9623 9
9624 8
9625 8
9626 9
9627 9
9628 8
9629 8
9630 8
9631 9
9632 8
9633 9
9634 9
9635 9
9636 8
9637 9
9638 9
9639 8
9640 8
9641 9
9642 9
9643 9
9644 9
9645 9
9646 9
9647 9
9648 8
9649 9
9650 9
9651 9
9652 8
9653 8
9654 9
9655 9
9656 8
9657 9
9658 8
9659 9
9660 8
9661 9
9662 9
9663 9
9664 8
9665 9
9666 9
9667 9
9668 9
9669 8
9670 9
9671 9
9672 8
9673 9
9674 9
9675 8
9676 8
9677 9
9678 8
9679 8
9680 7
9681 8
9682 8
9683 9
9684 8
9685 8
9686 9
9687 9
9688 9
9689 9
9690 8
9691 8
9692 9
9693 8
9694 9
9695 8
9696 8
9697 8
9698 8
9699 8
9700 7
9701 8
9702 7
9703 8
9704 8
9705 8
9706 9
9707 9
9708 9
9709 8
9710 8
9711 8
9712 9
9713 8
9714 8
9715 9
9716 9
9717 8
9718 8
9719 8
9720 7
9721 8
9722 8
9723 8
9724 8
9725 9
9726 8
9727 9
9728 8
9729 8
9730 9
9731 9
9732 9
9733 9
9734 9
9735 8
9736 9
9737 9
9738 8
9739 9
9740 9
9741 9
9742 9
9743 9
9744 8
9745 9
9746 9
9747 8
9748 9
9749 9
9750 8
9751 8
9752 9
9753 9
9754 9
9755 9
9756 8
9757 9
9758 8
9759 9
9760 8
9761 9
9762 9
9763 9
9764 9
9765 8
9766 9
9767 9
9768 8
9769 9
9770 9
9771 9
9772 9
9773 9
9774 8
9775 8
9776 8
9777 9
9778 9
9779 8
9780 8
9781 8
9782 9
9783 8
9784 8
9785 8
9786 8
9787 8
9788 8
9789 8
9790 7
9791 8
9792 7
9793 8
9794 8
9795 8
9796 8
9797 8
9798 7
9799 7
9800 7
9801 6
9802 7
9803 7
9804 7
9805 8
9806 8
9807 8
9808 8
9809 8
9810 7
9811 8
9812 7
9813 8
9814 8
9815 8
9816 8
9817 9
9818 8
9819 8
9820 8
9821 8
9822 8
9823 8
9824 8
9825 8
9826 7
9827 8
9828 8
9829 9
9830 8
9831 9
9832 9
9833 9
9834 8
9835 9
9836 9
9837 8
9838 9
9839 9
9840 8
9841 9
9842 8
9843 8
9844 9
9845 9
9846 9
9847 9
9848 9
9849 8
9850 9
9851 9
9852 9
9853 9
9854 9
9855 9
9856 8
9857 9
9858 8
9859 9
9860 8
9861 9
9862 9
9863 9
9864 8
9865 9
9866 9
9867 8
9868 9
9869 9
9870 9
9871 9
9872 9
9873 9
9874 9
9875 8
9876 9
9877 9
9878 9
9879 9
9880 8
9881 9
9882 8
9883 9
9884 9
9885 9
9886 9
9887 9
9888 8
9889 8
9890 8
9891 8
9892 8
9893 9
9894 8
9895 8
9896 8
9897 8
9898 8
9899 8
9900 7
9901 8
9902 8
9903 8
9904 8
9905 8
9906 8
9907 9
9908 8
9909 8
9910 8
9911 8
9912 9
9913 9
9914 9
9915 9
9916 9
9917 9
9918 8
9919 8
9920 8
9921 9
9922 8
9923 9
9924 9
9925 8
9926 9
9927 9
9928 8
9929 9
9930 9
9931 9
9932 9
9933 9
9934 9
9935 9
9936 8
9937 9
9938 9
9939 9
9940 8
9941 9
9942 9
9943 9
9944 9
9945 8
9946 9
9947 8
9948 9
9949 9
9950 8
9951 9
9952 9
9953 9
9954 8
9955 9
9956 9
9957 9
9958 9
9959 9
9960 8
9961 9
9962 8
9963 8
9964 8
9965 9
9966 9
9967 9
9968 8
9969 9
9970 8
9971 8
9972 8
9973 8
9974 8
9975 7
9976 8
9977 8
9978 8
9979 8
9980 7
9981 8
9982 8
9983 8
9984 7
9985 8
9986 8
9987 8
9988 8
9989 8
9990 7
9991 7
9992 7
9993 8
9994 7
9995 7
9996 7
9997 7
9998 7
9999 7
10000 6
10001 7
10002 7
10003 7
10004 7
10005 7
10006 7
10007 8
10008 7
10009 7
10010 7
10011 8
10012 8
10013 8
10014 8
10015 8
10016 8
10017 9
10018 8
10019 8
10020 7
10021 8
10022 8
10023 8
10024 8
10025 7
10026 8
10027 8
10028 9
10029 8
10030 8
10031 9
10032 8
10033 8
10034 9
10035 8
10036 8
10037 9
10038 9
10039 9
10040 8
10041 9
10042 9
10043 8
10044 8
10045 9
10046 9
10047 9
10048 8
10049 9
10050 8
10051 8
10052 9
10053 9
10054 9
10055 9
10056 9
10057 9
10058 9
10059 9
10060 8
10061 9
10062 9
10063 9
10064 8
10065 8
10066 9
10067 9
10068 9
10069 9
10070 9
10071 9
10072 9
10073 9
10074 8
10075 8
10076 9
10077 9
10078 9
10079 9
10080 8
10081 8
10082 8
10083 9
10084 9
10085 9
10086 8
10087 8
10088 8
10089 8
10090 8
10091 8
10092 8
10093 9
10094 8
10095 8
10096 8
10097 8
10098 7
10099 8
10100 7
10101 8
10102 8
10103 8
10104 8
10105 8
10106 8
10107 8
10108 8
10109 8
10110 8
10111 9
10112 8
10113 9
10114 9
10115 8
10116 8
10117 9
10118 9
10119 8
10120 8
10121 8
10122 8
10123 8
10124 8
10125 7
10126 8
10127 8
10128 8
10129 8
10130 8
10131 8
10132 9
10133 9
10134 8
10135 8
10136 9
10137 9
10138 9
10139 9
10140 8
10141 9
10142 9
10143 8
10144 9
10145 8
10146 9
10147 9
10148 9
10149 9
10150 8
10151 9
10152 8
10153 8
10154 9
10155 8
10156 9
10157 9
10158 9
10159 9
10160 8
10161 9
10162 9
10163 9
10164 8
10165 8
10166 9
10167 9
10168 9
10169 9
10170 8
10171 9
10172 9
10173 9
10174 9
10175 8
10176 8
10177 9
10178 9
10179 9
10180 8
10181 8
10182 9
10183 9
10184 9
10185 8
10186 9
10187 9
10188 9
10189 9
10190 8
10191 8
10192 8
10193 8
10194 8
10195 8
10196 8
10197 8
10198 8
10199 8
10200 7
10201 7
10202 8
10203 8
10204 8
10205 8
10206 8
10207 8
10208 8
10209 8
10210 8
10211 8
10212 8
10213 9
10214 9
10215 8
10216 9
10217 9
10218 9
10219 9
10220 8
10221 8
10222 9
10223 9
10224 8
10225 8
10226 8
10227 9
10228 9
10229 9
10230 8
10231 9
10232 8
10233 9
10234 9
10235 9
10236 8
10237 9
10238 8
10239 8
10240 7
10241 8
10242 8
10243 9
10244 8
10245 9
10246 9
10247 9
10248 8
10249 9
10250 8
10251 9
10252 8
10253 9
10254 9
10255 9
10256 8
10257 9
10258 9
10259 9
10260 8
10261 9
10262 9
10263 9
10264 9
10265 9
10266 9
