# binary [50,40]_2 code of covering radius 2
# 10 rows, 50 columns; space separated
# row 1 is the least-significant bit of the integer column encoding
1 0 0 1 0 0 1 0 0 1 1 0 0 1 0 1 0 1 1 0 1 1 1 1 0 0 1 1 0 1 0 0 1 0 0 0 1 1 1 1 0 1 1 1 1 1 1 1 1 0
0 1 0 1 0 0 0 1 0 0 1 1 0 1 0 0 0 0 0 1 0 0 1 1 1 0 1 1 1 1 0 0 0 1 1 1 1 0 0 0 1 1 0 0 0 0 1 0 1 0
0 0 1 1 0 0 0 1 0 1 1 0 1 1 0 0 0 0 1 1 1 1 1 0 1 1 1 0 1 1 0 0 1 1 1 0 0 0 1 1 1 1 1 0 1 0 1 1 0 1
0 0 0 1 0 0 0 0 0 1 0 1 0 0 0 1 0 1 0 1 0 1 0 0 0 1 1 1 0 1 0 0 1 1 0 0 0 1 0 0 1 0 0 0 1 0 1 0 1 1
0 0 0 0 1 0 0 1 0 0 1 0 1 1 0 0 0 0 1 0 1 1 0 1 1 0 1 0 1 0 0 0 0 1 0 1 0 0 1 1 0 1 0 1 1 0 1 1 0 0
0 0 0 0 0 1 0 0 0 1 1 0 0 1 0 1 0 0 0 1 1 1 0 0 1 0 0 1 1 1 0 1 0 0 1 1 0 0 0 1 0 0 1 1 1 0 0 0 1 1
0 0 0 0 0 0 1 1 0 0 0 1 1 1 0 0 1 1 1 1 1 1 0 0 0 1 1 1 1 0 1 1 0 1 1 1 0 0 0 0 1 1 1 1 1 0 0 1 1 1
0 0 0 0 0 0 0 0 1 1 1 1 1 1 0 0 0 0 0 0 0 0 1 1 1 1 1 1 1 0 0 0 1 1 1 1 0 0 0 0 0 0 0 0 0 1 1 1 1 1
0 0 0 0 0 0 0 0 0 0 0 0 0 0 1 1 1 1 1 1 1 1 1 1 1 1 1 1 1 0 0 0 0 0 0 0 1 1 1 1 1 1 1 1 1 1 1 1 1 1
0 0 0 0 0 0 0 0 0 0 0 0 0 0 0 0 0 0 0 0 0 0 0 0 0 0 0 0 0 1 1 1 1 1 1 1 1 1 1 1 1 1 1 1 1 1 1 1 1 1
