# Kaikkonen-Rosendahl [51,41]_2 2 baseline (2003)
# 10 rows, 51 columns; space separated
# row 1 is the least-significant bit of the integer column encoding
1 0 0 0 0 0 0 0 0 0 0 0 0 0 0 0 0 0 0 1 1 1 1 1 0 0 1 1 1 0 0 0 1 1 0 1 1 1 1 0 1 0 1 1 1 0 1 0 1 1 0
0 1 0 0 0 0 0 0 0 0 1 1 1 1 1 0 1 1 0 0 0 1 1 1 1 1 0 0 0 0 0 0 1 0 0 1 0 1 1 1 1 0 1 0 0 0 1 1 0 1 0
0 0 1 0 0 0 0 0 0 0 1 1 1 1 1 1 0 0 0 1 0 0 1 0 0 1 0 1 0 0 0 0 0 0 0 0 1 0 1 0 1 1 1 1 0 1 0 0 1 0 1
0 0 0 1 0 0 0 0 0 0 0 0 1 0 1 1 1 1 0 0 0 0 0 1 0 0 1 1 1 1 0 1 1 0 0 0 0 0 1 0 1 0 1 1 0 0 1 1 1 1 1
0 0 0 0 1 0 0 0 0 0 1 0 0 0 1 1 1 0 1 0 1 0 0 1 0 1 1 1 0 0 0 0 0 0 1 1 0 0 0 1 0 1 1 1 1 1 0 0 1 1 0
0 0 0 0 0 1 0 0 0 0 1 1 0 0 1 1 0 0 1 1 0 0 0 0 1 0 1 1 1 1 0 0 1 0 1 0 0 1 1 0 1 1 0 0 1 0 0 1 0 1 1
0 0 0 0 0 0 1 0 0 0 0 0 1 0 0 0 1 0 1 0 1 0 0 0 1 0 0 0 0 0 1 0 0 1 0 1 1 1 0 1 0 0 1 0 1 1 1 0 0 0 0
0 0 0 0 0 0 0 1 0 0 1 0 1 1 1 1 1 0 1 1 1 0 0 1 1 0 1 0 1 1 1 0 1 0 1 0 1 1 1 0 1 1 1 0 1 1 1 1 1 0 1
0 0 0 0 0 0 0 0 1 0 1 1 0 1 1 1 1 0 0 1 1 1 0 0 0 1 0 1 0 1 1 0 1 0 0 0 0 0 0 0 1 1 0 1 0 0 1 0 1 0 0
0 0 0 0 0 0 0 0 0 1 0 1 0 1 0 1 0 0 0 0 1 1 1 1 1 1 0 0 0 0 1 1 1 0 0 1 1 1 1 1 1 1 0 0 0 1 0 1 0 1 0
